0,0.04984457332568576,-0.7890928232943795,-1.9867526494000964,-1.5133508014528265,0.9087215912400485,2.2473039401580133,0.19576405926216067
0,0.8263462541833562,-3.100732708603594,-3.130608582048968,3.0354613707360825,0.6221702204517163,0.6551889961196049,0.6778392856110719,0.6813243732213009,0.8773522254210083,0.8737226659021563,0.869440326027726,0.8656107088592637,0.8687331358310384,0.8780196443942204
0,0.38847555765827985,0.37496936184021484,0.36715217597361405,0.3641602582183111,0.3639322553995164,0.364618080105559,0.36524377821024756,0.36552778019085796,0.36561944935067786,0.36563452362827464,0.3656417480046877,0.3656473644347565,0.3656499331360761,0.3656779697713728
0,3.552488838460387,2.322640965597065,1.177776816327953,0.4642827631736686,0.14257616764706818,0.03003723846745569,5.669327305711992E-4
0,-2.6741969722740984,-0.4012334353233391,-0.33160849815760984,-0.949724449892382,1.7921916454939317,2.016532422935095,-0.9576048928181041
0,-0.49886403698422505,-0.9976049385401935,-1.0330267243146243,-0.23843014495435244,1.1325126177979292,2.1614688087589706,2.178889238625314,1.5883145490312867,0.8488498964248783,0.2738413211916328,0.05706024145021141,0.014094899202838794,-0.010773251791801285,-0.025734468859005415
0,-1.0108205401945984,-1.0108247374702863,-0.9715537890000324,-1.0108247219879674,-0.9715529342404499,-1.0124325094593962,-1.0108255752732103,-1.0108255856545008,-1.0108255819404761,-1.0108255819421605,-0.9715529291927876,-0.9715537051356995,-1.0108248059992118,-1.010824805999778
0,0.02066806871980936,-2.624168795100265,-0.04782349370623783,-0.28618772330466813,2.6709652716672787,2.647349135054877,-0.5840745420077998,-0.49926287057144386,-0.4882450798529548,-0.22672483158698442,-0.2669470448861653,-0.25300013493248585,-0.24682759674922272,-0.24376989328257312
0,-0.3458151680412601,0.15573786006378257,0.3004329625909867,0.35608260413520915,0.6048366220212523,1.3314300009519902,2.349745996890577,2.8185583938048078,2.142673221837641,0.7226861085723895,-0.46039382621961067,-0.6968161004831981,-0.35863312543812575,-0.16890923935954832
0,-0.11544253048157363,0.029729225984709,0.14189912972645521,0.3549582512023641,0.7002185978538225,1.0673520751495746,1.3023003603921495,1.2362626271218529,0.9832830574733717,0.6719284967412001,0.404728647537295,0.16875221877759794,-0.03921743667640272,-0.3446864446034565
0,1.0990620289570971,1.083676507848126,1.0812696064201859,1.0800045440714303,0.9486800138316444,0.904338108905307,0.90308861266249,3.1416899163030565,0.8995986091919174,0.911697533841023,0.9196949016352436,1.0764647450045552,-3.2463119935997704,1.0815776575771532
0,0.028090862870693088,0.056098136128572146,0.18626207725179758,0.4982816047133014,0.9886458217010435,1.4135043622851278,1.3986774411230376,0.7446850186722143,-0.11525894661008344,-0.35254226618452345,0.29441891297465334,1.170440151190321,1.4042795030255661,1.0347569310695082
0,0.20691194690151324,-2.465764681442193,-2.461736296734751,2.380271829710207,2.3867156155319065,0.38392397094218855,0.34839742495515835,0.3466406325387834,0.09332554505384398,0.18186974959542254,0.20017864166509397,0.2111310459150165,0.022212719296189006,0.014261545058442328
0,0.7897015496953919,0.9563233990273452,0.7591600512427966,0.4155315087743516,0.22809996504128516,0.36452972932410077,0.6709633289206661,0.7530164771759275,0.47630993497089513,0.15160115292013637,0.08639269100210437,0.16967365713718605,0.25910927355377306,0.31189168768804776
0,-2.623590290480356,-1.9866525787556844,-0.6171811782840654,0.9557822540561056,2.0173624777664356,2.225418867645584,2.0088726392096516
0,-2.9234528029510103,0.49860531143410824,-2.9504251520822558,0.4709057055301303,0.47342789345012304,-0.5651922408089513,2.826244329944852
0,0.02787673640992635,2.7318790502104924,-0.3673852204143644,2.566435609052483,2.7735767388810886,-0.18842654385742666,0.02616270554269447
0,-2.456319033095222,-1.056585411454877,0.6359448891941493,1.4436944359600856,1.3057481000228939,0.7625412518327374,0.3333550927166237
0,-0.1707351832118468,0.27739696537355524,0.7354607566516866,0.7111293002980416,0.26507877520284395,-0.033960796558020694,0.050912878810255774,0.30118117633421854,0.4872734956753955,0.703639702325758,0.8796081164551521,0.7336467415769758,0.3687552621975823,0.533120388067124
0,-0.3448835942623734,-0.23980271444942874,-0.47816459725173865,-1.0033908300437906,-1.274553306453186,-0.6592432873375614,0.739120477648114,2.012232330465359,2.270954732663958,1.5394190352498325,0.4930004834120289,-0.1666431473670352,-0.35923720785497176,-0.2595049752033673
0,-0.007335757079377991,-0.017903984627792392,0.03558505361432715,0.03651308793350007,-2.6854609224901558,-2.682490572987378,2.6129872473216182,-0.14032598236319835,-0.18607124836116526,-0.16915145819347785,-0.14897817914574296,0.059507337974540365,0.005271649056486864,-0.4254385789369312
0,-0.9765280230652682,-0.9927057885820423,-0.9927015810625333,-0.989656197359155,-0.9896544480823608,-0.9896533228622654,-0.9896512731292607,-0.9896512726435471,-0.9896512704155659,-0.9896469574894734,-0.9896469454219425,-0.9896469490470696,-0.9896552510067725,-0.9896529493839247
0,0.30501389305989507,-2.207890440725192,-0.11525340159111967,-0.2944456391969398,-0.3225783193101746,-0.32052585933303335,-0.30492170022929116,-0.290034354867684,-0.28705308571147364,-0.2944654225817424,-0.3129836418046072,-0.32423053274700003,2.1243612864495374,-0.28000316555523996
0,0.21163509565657806,0.8394984647751328,0.9516003388921281,0.14293620207599947,-0.905785576521581,-1.1741993040810075,-0.565162496439382,0.07315202332115141,0.1255953026972325,-0.2788778267878529,-0.7059172066358046,-0.8565048640973904,-0.5117140813087169,0.26173992754673336
0,1.6822087989466408,0.7478117160808235,-0.03003839495857484,-0.1706373686315112,0.2809174483985823,0.9495160393553148,1.2172958465819341,0.7630676508730784,-0.39817778821215266,-1.0399962681485446,-1.0649456268107012,-0.9481666536915616,-1.043971238428368,-1.1630319417158075
0,1.6933278290433302,0.9054850377226767,0.3106133903012203,0.090784156577529,0.029345006083995002,0.012243201103823972,0.005006650401019057,0.0013976601236092782,-3.4160566997305434E-4,-0.0012500930344687684,-0.0015808026744555488,0.6833727788241377,-0.0013591733542378,-0.0016256595509594068
0,-0.05791412263618682,-0.34545161912283007,-0.5368525997957982,1.0928802759268001,1.0904735112207378,1.128720899962356,1.1794309465647388,-0.5180773450572176,-1.1071818057805087,1.2239178906897625,1.6633868974437733,1.642524077030442,-0.5023163956024814,1.22239980117334
0,-0.441020144209327,-0.2397623178199347,2.4016922560015863,2.3920257731921257,-0.23973392231129884,-0.436343004622899,-2.433632663270169,-0.24078159502856739,-0.256546609337056,-0.43888620911471804,-0.43906836584682113,-0.4377737396788533,-0.4365943466237967,-0.4383538098590876
0,2.598202007882381,1.6359004569791396,-2.2248996719179956,-3.944361861437076,-1.1924147924771629,-0.6558248997619635,0.012817100891096172,1.8232930706065567,0.15877348681593836,0.867792617814282,0.7777405491743108,-0.9110886244859271,0.3128765096075493,-0.5586999671750204
0,2.3148504009193664,0.2162723410811409,-2.3801106411558277,2.3008219490936805,-2.380958603474742,0.07660868055966204,0.07556549914771436
0,-0.2538250886078344,0.4649305481660792,-2.795706937760077,2.512105699932991,2.1115045830687227,2.0512069609661463,-0.317537187071934
0,-0.6287250465646018,-0.2555585248547512,1.4447164221800495,0.8369002403224834,-1.5831776617002125,-1.6095915520214221,1.4045058343119075
0,2.3951048742271226,0.07322033202367273,0.45971778236131855,0.04747621765063088,-2.5047719863674494,-2.518498170693825,0.05405818249576384
0,2.5463727836535273,0.4886721678491255,-2.5961081326185207,0.30660120285701653,-0.14846208715588402,2.529384666476928,-0.14175666038148332
0,2.9477187045947284,-0.3304666142359975,2.5260649263531665,1.0300175126925049,-2.147916583676921,1.307211366984346,-0.20239819690635777
0,0.4006041374461764,-0.7199642240816351,-3.642933422982558,-0.1496067948866394,-2.9347159076681506,3.278467115140905,-0.05105420376357914,-0.9824873700437805,-1.403310404631418,-1.5771774626927628,-1.5456437230556908,-0.5948801117658147,0.5894561908734361,-0.38373628656879283
0,1.2622778278517477,0.9238542162336744,0.5838590309712524,0.833440030385058,0.5704214929270666,-0.5450213828106589,-0.9733465382102431,-0.4312916312849124,2.579079244965349,2.7988581647352637,-2.154425771171225,-0.5158150786923154,-1.2964104411567965,0.6319198361083045
0,0.038906408833366206,-0.13587378086837107,2.6697316795448653,-0.17290311734303898,-0.12378610738056621,0.33085429158447394,0.018119161135841527,-0.6697499146156787,2.46092619599377,-0.6159347635843702,0.36645357376192284,0.60118788140628,0.4608954286877896,0.2971109571289229
0,1.3248217028152027,0.8085989962141981,0.7761436550922349,-2.966312215547155,1.4224660458685354,1.515300072711012,0.683974843314696,-0.37471785676136615,2.9853670557627745,-0.0744782316626295,-0.4613731134166864,-0.9734969521232922,-0.7253410950356229,0.3383549612337455
0,0.5912145702360974,0.43874187509040585,-0.2044995981801059,-0.6012475720310395,0.18499502181738936,-2.647369070347124,2.6708462858295174,-0.25044531615318033,2.5583738539728746,-0.05632287277675477,0.703031649951606,0.4309782212561373,-0.37704637997638274,-0.2877279246729979
0,0.024700457163638438,-0.2117610062158454,0.3380164708461879,0.5344309818860548,0.44764313826472396,0.42685231332022694,0.28762460547116053,0.15376314058609886,0.5165414744642712,0.35779317022822404,3.090121197270314,0.9639368625779061,-2.8995717023051095,0.7566918623999354
0,-0.9454571162250182,-2.103014184316603,-1.715282972075748,-0.4516043449584839,-0.06361478353474054,-0.5839994198523795,-1.037456541198186,-0.7704562078164995,2.1156070892689085,2.6235156504400385,2.7432426937924226,-0.1714386118611883,0.0646021760618304,1.0593450937280673
0,-0.7432451483204578,-0.7928111322450665,0.08873830709609086,0.3375475684647234,0.22512099808453584,0.33823563610756757,2.470115992689486,-0.09465875091038099,2.2769628180382706,-0.203192441489609,0.01882415095321549,0.3739948020415842,0.36587294160722855,0.07774109727832071
0,0.7489146758431271,-0.2793226441052296,-0.6291289949709788,-0.3344902283336486,2.4597196988891366,-0.3379874962640264,0.06067625800102817,0.21724688211608673,2.7121543766274923,-0.2570664426397458,-0.6482377495006678,-0.3017949064865301,0.28422506262832636,-0.25726719691239236
0,-0.7897570350132638,2.5325872078404097,0.6990389117578825,-2.3337363181052644,0.43180050870370423,-2.707047781666519,-0.9251937285145703,-0.9002863273531357,-0.2213684845035805,0.009896395452815938,-0.07505291870449637,0.18936527961208408,0.21240185482837448,-0.7971851945905124
0,0.3477678072102078,-0.27828293790006986,-2.503953157850765,0.478986064716708,-0.07461892081027932,-0.8798503295002749,0.013602582131451326,3.0371727089059246,3.016956423579743,0.09155342931277369,0.1348055406895221,0.9633900560591793,1.2162067109334214,0.2071535821349971
0,0.6624923223576025,1.1561329058272947,-2.226178758249156,-0.7400431176155534,1.9738004085934433,2.1708580106971036,-0.09608481309113492,0.7372249809613771,0.5761000102891684,0.394482249492299,0.028558728018161016,-0.2141605901336895,0.22017098704959726,0.8903953953065981
0,-0.20114696059614806,-0.7408363488852766,-0.883780626322006,-0.5606720445192513,-0.20015618697937684,-0.029753616292294165,0.7942290004223584,1.4813560220449629,2.841106559882834,-0.11575513942511854,2.3746453794462554,0.6049856485711728,1.2648011176136011,-0.22217542656422637
0,-0.856895348525045,-0.08310130932543848,-0.2998869417834841,-0.38830689392386,2.437560403626472,0.6960362180437671,0.30782036848916533,2.2590301585944306,-0.1688177640736735,0.5159463236619726,0.6973776022318576,-0.050233642197472866,-0.8908280209052281,-0.3049718966880083
0,-0.5131976085673685,0.5126413016394011,0.18761474768785996,-0.678806545436926,2.2277506081127925,2.564059422822832,0.07113439065447731,0.2045808928289423,-2.86193869150232,-0.14100547327618285,-0.5158609020790559,-0.9357811045539046,-0.9341044791462021,-0.1626855237079084
0,-0.1698881292688726,2.8119210159734394,-2.9922889511216857,0.4473034742440298,-3.0839749348047394,0.7755618889722894,0.7700892580759675,0.4209227405058637,-0.02341644751619781,0.4365117225624934,0.8715980876870922,0.7968146958090252,0.7280769562224235,0.8911305467927075
0,-0.8132607866283063,3.0615549819699432,-0.5522631332377635,0.38592628976850724,0.48464394871502636,0.2486806201507187,-0.4382863342515544,-0.025412907394478292,0.6853481492936332,0.5480933691308174,0.02068028921176274,-0.41783205786747013,3.1215031607206405,-1.0349145171550735
0,-0.060409479847330846,-1.5251459822685314,-1.0624376321192177,-3.052075174439861,0.28783588530978915,0.49908462262509345,0.27058676762741596,-0.46582671722023533,-0.7875774485834885,2.3659983328796925,2.586239086858809,-0.08206118073674458,0.7735021050017777,0.6889622498860568
0,0.2739581223888521,-0.4421555954098097,0.3713057231720456,0.7260651059167142,0.23969604156128832,-0.1158213944952197,0.4610968902519598,0.7438106152702182,-0.2662350583099882,2.279523205755811,2.318740912033208,-0.3761895316405125,-2.6917765853562585,0.8412453013914061
0,0.02231910603446539,0.43903869976601667,0.5288837638774992,3.399079034648425,0.006952139829818672,-3.3071236409637073,3.0619558561505733,0.5700465205742904,-0.3571900591146847,-0.36640986459342895,0.15681744437848394,0.2656804666179648,-0.47645301171006765,-2.1022678290690666
0,-0.029576903240599355,2.3022330648069116,-0.3022648202649712,-0.22614218332977562,2.2713153381040456,-0.5156807342497056,-0.3218789298196845,-4.830451401826235E-4,-0.31970956946007123,-0.6105601475940402,-0.27689578060470693,0.5392324518212042,0.8774292662861332,1.05425079323964
0,2.579410483368495,-0.7749322469475863,-2.559628153005586,0.9606649042974165,1.1050158611793246,0.16636560343876697,-0.7083447676993122,-0.6528554532716258,-0.3072917123117011,2.4897979810831172,-0.19829994280170174,-0.16917803520179903,-0.14483313684300647,0.4149577506785161
0,0.4766318837770854,0.5992933506756724,-2.4062160419997216,-0.04795272304992033,0.08732435343522632,-2.3945963342815726,0.39883266818072993,0.6216116315606001,0.7290778931418952,0.5241184817428037,0.06815068621674712,0.06298923957836614,0.5936634178085543,0.5941069882538119
0,0.4019391350448636,-0.17409612687678014,-0.19743265038196942,-3.2236732306481137,-3.0233612911246652,0.4395399557620023,-0.6740455025633955,2.9861143548240663,-0.6766890098494025,-0.882171292096549,-0.7752530961294862,-0.7606609521343065,-0.12315634252854005,-0.04558614045999142
0,0.8436421406498708,0.39809884477528223,0.6874005504707426,0.9890007484749542,0.8970572759813403,-3.349454117219856,0.5884310054163933,0.7543917394048013,0.8038129097791901,0.06076609306454874,-0.5592491625696349,-0.3112985476729811,-0.9886244720934504,2.680720475186059
0,1.7631762006208167,0.5873473195086191,-0.5486704075945504,-0.7059710324976328,-0.15704588188183166,3.1852623800155078,0.20472089482305714,-0.8193916454751521,2.604499755961298,2.7263283324581593,-0.546618040403374,0.11813661931886578,-0.11872358803337114,-0.5282726854266693
0,-0.12454211079841539,-0.501899128785875,-0.3996167615549589,-0.5566345347117762,2.5725386666823415,-0.6510331750502364,0.01213935970124271,0.4909466408037502,-0.30779295511102944,2.5264020883646814,2.4518945867801984,-0.6451504478505521,0.0873899509778384,0.5158627614942902
0,0.00463576632480706,0.5390553131758297,0.06276727097297746,2.4165956457162663,-2.625540797298904,2.403154941865625,-0.07736767740431155,0.6157186073813701,0.18346957086485283,-0.7836621866557456,-0.9784036325808017,-0.22608894836528554,0.6580016499524081,0.8094121238419593
0,2.1944088672520037,2.39287624185555,-0.02623906354541863,-2.3382537631841336,0.8374395491277251,0.8723055829136529,0.6424253709870121,0.17033523353660943,-0.5332787404753565,-0.6888714221783764,-0.16879530942248697,0.47066635078062957,0.26337265249970143,-0.6084807582434401
0,-0.4893692762558296,-0.77192917664617,-2.9995204475106014,-1.1048946229673755,-0.5046981171424282,0.08832442573818554,2.469144016145777,-0.6025975953562032,-0.37739373459419334,2.711797077547573,0.06538720394191927,0.08148752536341061,0.40779570543874555,0.18300523151382533
0,-2.179194000505238,-1.3326484554074416,-0.7736718694411205,-2.6701495997643123,2.617184375129615,-2.440148600372494,0.3759295074318666,-0.4296320189534115,-0.44474511571784825,-0.17777003140517683,-0.1432128377853137,-0.4681466000685532,-0.5961453774623658,-0.5968821293863374
0,-0.4968515227750166,0.578376417735079,-0.6556245617783549,2.296567017223891,-1.3436649159483376,-2.9327069142690005,-0.5176474222248859,-0.5677185621992317,0.5843717432163552,0.7511309981161355,0.510171955711287,-0.21579424533204006,-0.4979486226070871,-3.227040861191193
0,0.4193760675298185,-0.5973253939628835,-0.8015202725618968,2.5029088374825714,0.18714573169063475,-2.5647519131132084,0.41682525807005927,-0.5186499407947749,-0.7717924444002969,-0.3120177889400261,0.646567839005958,0.820319241486082,2.9207006816554157,0.9291847686189609
0,0.20374717931055925,-0.1354882333184175,2.475522456243455,-0.5676345029548582,-2.644939061631858,-2.6145681840634603,0.016845227496095856,-0.49775818754544404,-0.3931761373775383,-0.18467687633871965,-0.23843640998890878,-0.02733691680128972,0.21011034602160178,-0.7366435803788735
0,-0.49527399893577856,2.3744436422644863,-0.4688701830477716,-0.5182452586101002,-2.5929600268347186,2.3635575419227015,0.34568425901650013,0.615579912011896,0.5363466480836486,-0.39474758862609477,-1.1399438309489416,-0.8085830740246894,0.5560553482775922,0.925597692124258
0,-0.34837098957598683,2.621062213477657,0.7894731510569264,0.22952091598868,-0.5394911419601313,-0.19887509430517636,0.20946679743579757,-2.504901906101974,0.2104865945881559,0.2799201732180319,0.23324030508828217,0.30966679838938366,0.8214328742600396,1.1582749564069352
0,-2.605754676890801,-0.19215082003548836,-1.0478683355322616,-0.6848395189046405,-0.31965238699338305,-0.5372917494506921,2.283939751553807,-0.9378981364151694,-0.43522822322565663,0.8549844269047528,0.6964118186624508,-0.8121546116161644,2.253140249176536,-0.5032242247718793
0,-0.2755405620514632,0.5463580005915664,0.7950885466578171,0.6982240327617106,-2.5960677269355674,-0.3512851387741941,2.4778823869843034,-0.6052123026549152,-2.6477928245961055,0.5119299809648223,0.36465297494200116,-0.24583068510022513,-0.4344793735699925,-0.24227936407878525
0,0.821919368179381,1.3558193777495322,0.7111934811380349,-0.5583796298180429,-0.8008682237420586,-0.5439808052043887,-2.577135437641397,2.3019091299536285,-0.42827460813559187,2.3248820363004032,0.11355040768051222,-0.05214493607950456,-0.14010851293595378,0.4889608480092791
0,-0.5632318661064679,0.1812232500236764,-0.8535967128103349,2.172967445746628,-1.0480070569297586,-0.44446610129799463,2.7143216588060417,-2.468039887951782,0.5066370867970427,0.34192853977815824,0.05895607948879652,-0.35542900217854745,-0.5607837383953194,0.3360521753181968
0,0.4502998378473141,2.2708072840325197,-0.09951946631414574,0.32206699605658695,-0.43774121067982974,-0.8503431050491482,-0.10739312997146562,0.5450921363117129,0.3107807764614073,-0.5564532685999057,-0.5915731239542293,-2.5559341111759313,-0.3026233131290146,-1.3139100146043137
0,2.040546845605486,-0.42646212350523216,-0.3494736495633268,-2.6957893462694136,-0.39464674473489986,-2.7430625017659267,-0.3640363418705054,-0.006636570558504975,0.20565140324827166,0.4585822255942936,0.7548246902977443,0.6078416391172087,-0.5566242949096845,-1.4069565595750082
0,2.6927771681814336,-0.12803315221828707,-0.3407943196185209,-0.3516531164656671,-0.7547831105813135,-0.698507444474686,0.47024136262160465,0.8477212813856279,2.430855209759598,-0.3825402525459618,-0.2862249563100628,0.03602666190144478,-0.8485459632013496,-1.7008180442724137
0,-1.4329668942822453,-0.5793791858125114,0.16925821689050569,0.3294777213021167,-0.27892576920957773,-0.9977015255021409,2.2235106435631438,-0.8465218216682461,-0.5862868361329286,2.4253689476175144,-0.6295096587155956,-0.548979568545899,0.2524654419733685,0.40750554406737993
0,0.7113701077853426,0.416256572664082,-0.3647955965623973,2.4722204420077336,0.06603727741737757,0.09451620594577648,2.5181971726329766,-0.16086527797196562,-2.690030603905127,4.2158250185349907E-4,0.37277649442563765,0.8753811709214281,0.6431689822941996,-0.9681494791279158
0,-0.32935615317885714,0.222450544133183,2.5399604553559727,-0.2973745249006099,-0.308200908672665,-2.396332154805908,0.36769958837127414,-0.18752757304366066,2.394672239799872,-0.4757651021760443,-0.2284999682978469,0.5318225945623511,0.8878685628104385,0.7090009987020796
0,0.28773921286406096,0.31474138735897744,2.699031367975906,0.23256905133611833,-0.1636787187361303,-0.5915940917169066,2.4160568583339685,-2.7050640255934084,0.10054082708202262,0.10034838245930577,-0.17375430718139495,0.0019044519998971457,0.9961262892536514,1.3142055226335394
0,2.122188816922634,0.5660391261115298,1.2535157942093322,0.5538286165314649,-0.03550900730119366,0.3779255897681056,0.44946180969426314,-0.4324869358880193,-0.9282926256943619,2.300573023237044,-2.748047602797539,-0.13393810060363548,0.32552042764103817,0.08969830897214634
0,-2.4545766693376723,-3.0290707231767118,-1.0324872806428393,-0.24343189180525487,0.02399432882436362,-0.3715551021784085,2.0718863799893454,2.33541485126094,2.3844884619013023,-0.48516206452828986,-1.0838804333084933,-0.7630186751916872,-0.07113148169486981,0.40355581247388594
0,1.3410717017789389,0.3509394057356202,-2.4245595151051926,-2.2633790067374506,0.5833277233400423,0.31887660498900516,2.4148937843849723,0.24254750666123961,2.508138709808195,-0.24509230070001123,-0.6139644003872207,0.08769174035488446,0.6438927623295732,0.029626629867984058
0,-0.19202059470734184,-1.2798109874604309,-2.7739092492692916,0.6518119150839635,2.7350100858278195,0.6956346710395332,0.3944472528099435,2.494642480907371,0.42637770701121025,0.4183402220875993,0.5523385839209984,0.5875858208125786,0.16130213482341324,-0.10565892200452513
0,0.38572730458490767,-0.12315495119816032,0.6391097750527653,-3.573034227147869,1.4005236986530956,1.4415363132735435,0.4834711945182803,-0.7672863892126729,-0.23450888196105518,3.6462814649295847,-3.600148275591905,-0.1741493563403635,0.3330930363110029,-0.9990110365241966
0,0.011901855810751845,0.22242310619827171,0.47390762981204915,0.49055237650480404,-0.03461455428019654,-0.6856706200187922,-2.581432184277076,2.337422448181565,6.057782773653109E-4,-2.5377253904758654,-0.26020936492222063,0.09058971134462704,0.6186367755679527,0.6574875890088342
0,-0.033300071189669295,0.9713639783369241,0.35363000526126576,-0.9967029565277005,2.1314762234242166,-1.0181747580870175,-0.21083777550334942,0.005156830508628463,-0.4995223357630147,-0.7525421382678168,2.355791922063058,-2.5049638150656377,-2.2519430899557515,0.738742279944298
0,-0.36597523675329363,-0.017296504883282167,-0.17622439299962686,-0.3409418021090308,2.401960005309872,0.6454725781795535,0.7980538824520632,0.4148317901419009,-0.09853689283411407,-0.21434905446052974,2.3363162938755275,-0.7752432379500852,-2.8035117827041036,-0.4559431170261497
0,0.3995676704925768,0.5821581346854071,0.34602985575616696,0.34059005318101254,2.3600523344587496,-0.2972152850381798,-0.16666075512798031,0.7615697122426383,1.286033395676157,2.7883102304610685,0.7532542357399865,-0.7537807402133686,-2.9100039122529027,-0.3193957370994102
0,0.11401562918968641,0.8177052133958983,2.9196226204917086,0.7862002574496016,0.00821752097005192,-0.36979478389987647,-0.17002849554032387,0.10430983584158977,2.5625259413179893,-2.3935528992073074,-2.368394737778713,0.3738865055438458,-0.990578119032857,-1.0706043536607068
0,-0.3339268644855644,2.4694163285212865,-2.6532925060964305,-0.2437942977026569,0.018661503215438496,0.22937622998463741,0.3974266745977439,0.7209544351331405,0.6058461045902895,-0.386004072361351,-0.2924287414196879,0.9384393377401407,1.0062405579775902,2.1165886464215156
0,2.565697582236017,-0.8403646041011418,0.8958894148116486,0.6124932596297191,-0.17049136303381698,3.1765276834398772,0.6668104207485036,-3.3021500501949,0.677558062254199,-0.14177428325922134,0.46346273599398463,0.15892430497385074,0.17811319510499457,-1.428546536061088
0,-2.528934298516218,-2.1442740184716227,-2.3848658574648556,-0.08959847930239846,0.06967252979470728,0.34367814366370775,-0.10592494445442549,2.363171569418249,2.4373228261832693,0.08896483700831767,0.618164751692617,0.2800163592847106,-0.2642165307011553,-0.5584508864148191
0,-2.9246248400180614,-2.9631719631101165,-0.3997526471735599,-0.2010784280566199,0.38349655143093464,0.14273867648163371,-0.15535003446274281,-0.5343648873237112,0.09516485885920944,2.692420795765898,2.503482012373041,-0.7542742894852752,-1.1233676779446997,-0.46448095393148553
0,0.7077956575107262,-2.7764026447617836,-0.6103860347529382,-2.765664109801732,-0.4138121761934731,-0.8185650819426246,1.9206102460812915,1.9845081074402622,-0.6106321632105536,-0.06667298399507232,0.29281453303302335,0.04630206154226381,-0.13816831210944905,-0.21530191311044028
0,0.3955932183245933,-0.07729089844266875,-2.7173798372521376,-2.639822058658767,0.310610191404866,0.6195248175887477,2.6873179428390093,2.5689015857474433,-0.14196423784259105,-0.010780225681955115,0.032015057758678314,-0.17493808257827756,-0.7647136694263169,-0.8267656183465656
0,0.38199054957335044,0.04813185897024148,-0.059460195318953774,0.1157456038820149,0.07115546152380478,-0.08064908448021024,-0.44922048139635234,-0.3755270057435964,0.0625995992829492,0.3337994320343408,2.634868494682861,-2.134452690627102,-1.421741153367179,-1.4567466873324801
0,0.22743849058088775,0.6280503982493224,-0.03085601144782611,-0.9038810287042599,-0.869969027753044,2.3185372133036712,-0.8891154651528878,-0.9241693986655443,-0.6706314803370863,2.448848566508103,0.1874198110665291,-2.4157191451453657,0.3031903820400657,-0.6677327546939658
0,0.5712828005749596,0.4524388035170425,0.030529767911011987,-0.667335365755933,2.0268512957090574,-0.6149025192900025,0.09042349585904284,0.4104220599795814,0.0327453351295833,-0.5122999019124129,-0.6672132110852158,-0.055606633555407334,-2.345218804478607,-2.209534400435756
0,2.255342970636277,0.33606322410438877,1.2617584738613434,0.9596879937034867,0.3727890266388432,0.26350192011447876,0.46193951253919086,-2.624832445952478,-0.41469032505578174,2.3388513254592462,-1.0879343438639049,-0.8991328247305506,-0.05524994120889767,0.2787945639305662
0,-2.8348572831873273,0.05940330429696345,-2.6486500414955048,0.4111761223499155,0.1557515753334332,-0.3692490846585648,-0.34621241727341595,0.02935212149450341,2.7414048456311084,2.7087888395340256,-0.09110890870538237,-0.6026651241673011,-0.4904656060831072,0.516277172539634
0,0.13358099336823975,-0.301251447949556,-0.4238335171351888,-2.543663191621263,2.3940972139260817,0.09588432116630566,-0.15866721679487597,-2.595612257419932,2.2839074631464613,0.056956040792067876,0.3241329894454387,0.20686341946979506,0.1606641886606951,-0.13629334600888585
0,0.7911727501347692,0.12467079414369019,2.7585815186501397,-2.905092285498059,2.663801506223953,2.501893198407459,-1.2812160238200438
0,-2.5684386051486303,-2.8360195644939643,0.04924676525932486,2.7723592494544507,0.6025075998071373,-0.7886780603256042,-0.8968292079931027,0.14163013429029372,2.6526668022732873,2.384810409968714,-0.6729994506957607,-0.4698850313614283,0.05900117777639531,0.17233925391444824
0,-2.429449528083948,0.4523711265198915,-0.32009140828045796,-0.20786974910262487,-0.0654265915212603,-0.7259461391024992,2.409129843914131,-0.690882377511638,0.17772735099573583,-0.4459629044205297,2.1640736498987865,1.9245077407154005,-1.0753124211051481,-0.28554881466573223
0,0.822656270251423,-2.1669342655947306,-2.2306886952351155,2.5733188730664978,0.6566090887767907,-2.3945824545931504,-0.16680217895118668,-0.8340749566127691,-0.8077990146376316,-0.07629051200778658,0.5438997972435434,0.4792259727184183,0.08771577636298669,0.1881217984643597
0,0.2775101924562033,-0.3295634135608179,-0.7470772661707994,-0.33583468428405805,2.4359055957568527,0.28154677133295086,2.2745167369518238,-0.2196428496170438,0.4500279380088359,0.6565790304600121,-6.613379207667821E-4,-0.974642695883661,-0.530494079531249,-2.284633779787911
0,-0.167214033716359,-0.40741847854438173,-1.082433874425179,2.974930332814688,-3.632735624711658,0.6644860321278467,-2.7442284015357017
0,-0.16788571397654278,0.9399986552487387,-0.367594348071036,2.469350652533967,2.6568788698230543,-0.18959680893727213,0.17486134862591304,-0.5720787200689508,-0.8977246417538652,-0.5169811371765343,0.052186645015839514,-2.8857633071054742,0.2573551880049088,-0.8657682422172751
0,-0.7244330891650107,2.5084832184667234,-2.687390330962419,0.3403188176913846,0.44232137099259866,-2.557079974660984,0.5613620280004443,2.6653777742536393,-0.11477339847546847,0.07670945038327089,0.15413842036123848,-0.09473350938828674,-0.5466220127460498,-0.00807116789363047
0,3.044500246785821,1.51539502424109,0.5854681486915966,-2.4499478391087224,-2.357481225665207,2.724601831893337,1.2366591076295141,0.6556351254081909,-0.7098732268185739,-1.5164997259608752,-1.3068682363761195,-0.8068786497462689,-1.0845859837154426,-1.5156715421302596
0,2.048030159442239,-1.1718935075198857,1.9079123284267996,0.35780246640393326,0.5357239293014625,-0.8619774187981185,-1.375588838097172,-0.967753913326862,-0.6967118658108932,-2.9967842940231044,-3.0349353697735446,-0.4999201531044287,0.34101895480168903,-0.17547440848092793
0,-2.5525152240068776,-0.4468807608339495,-0.7315453962289216,-0.6290864651311722,-2.767364979088191,2.275436438453938,0.42802014199012267
0,0.6550641254103204,-2.793768982541437,-2.75325666391991,0.5670476083973636,-0.21998533260652178,-0.5211443854028456,-0.882101592253415,2.551510549598347,2.749848598639495,0.3609148270436978,0.9795887791336221,0.1516007220266617,-0.07601552021664311,0.18616143235298685
0,-0.916302945157042,-0.10947768847875294,-2.4787559669790133,-2.6423990216061197,-0.7166361685913286,-0.8552182408147876,-0.5475685501512849,0.040712988305456714,0.036040652938628986,-0.2527222264596863,2.154565921518788,2.13155119783978,-0.7058659181512362,-0.6796816091361372
0,-0.4805866840294613,-0.28719662269904234,-0.19543812375881442,-0.17120472499493547,-0.47112798936695327,-0.7239028679943421,2.185319593216945,0.01236185714256029,-0.038410499824056386,-0.38876304443358034,-0.04788426390958449,2.637341060932825,-2.2408603458459164,-2.6439104790505414
0,-0.3494269562101149,0.6040798640357782,0.16626853651564835,2.5846885318399093,2.57837715163409,-0.03789003556721117,-0.301703915191732,-2.6145793089842626,-2.400325188604358,0.7632368088177638,0.9950190138715469,0.47865318618278974,-0.02496992573294191,0.0702726100029519
0,-0.7477877785961603,2.5344883481856506,-2.387771318406221,0.05303767339898326,2.324250806834313,-7.241207646514606E-4,1.6029424444468052
0,0.7132413025291869,2.9303045855232024,0.10837965689699564,1.065067535086137,0.46406818902719854,-0.10351334253367965,-3.2244182984422785,-2.9808024165783995,1.1252228076059214,0.5427795088707994,-0.3831182923417245,-0.0073407844481770505,0.5900858902309694,-0.3484326093087728
0,1.913341158445805,-2.766521966336296,2.3872039666948046,1.2760352751217765,0.9752505655644583,0.11895004487531449,0.015737698877021734,0.28567554125646966,-0.027475080676883132,-0.7321576939628234,-0.35193462652213336,0.18569507459476203,0.6084094422088474,1.0877964145985919
0,2.33607433364167,0.2815449664988092,1.0147547540581698,0.6535459046487663,-0.0648735543575013,0.007954388064225095,-2.3712416072344538,0.7449189044801393,0.4928613671228775,-0.3514670832770107,2.41543406853844,0.2248388828073072,0.5041421812297352,-0.09966955921281453
0,-3.2059093358892765,-3.0070545048412383,-0.2471507487780883,-2.982867750297925,-0.8101316253883443,-0.6858428734225218,-0.15673095551954827,0.33482457024098355,2.8235216753118033,2.5699127436045113,-0.5145538832638695,-0.6455776504562701,-0.05049893785965339,0.6054710412641834
0,-2.3082801731055014,0.7785678265976016,-0.03719205169264528,-0.6116656370847756,2.408457258001633,0.2418778159094987,-2.642426355660482
0,-2.537490768889654,2.654016264658553,0.02568099410768812,-0.3420077280884398,-0.035250878994934697,-2.609332240855993,0.3862843025147352
0,-1.0870664670529027,-0.83253451790048,0.2728640109145281,0.8501292793160016,2.791159667441598,2.6003015464164205,0.155943484976077,0.5980193164835194,-2.1176807369695663,0.07852422371670165,-2.724062218075217,-2.7866044842500517,-0.1047028365827943,-0.0025842498492614223
0,0.5515075118470009,-0.32568556268903,0.026255685308093107,2.75419233253494,-0.24580476688535782,-0.7845420562537712,-0.15170095496753544,1.1323725194788214,1.2852043006817562,-2.3411687021450964,0.8009997094328949,0.672518548344099,0.3353011873927256,-2.7743830750838745
0,0.47470831407817843,-0.35254121975292585,0.24016011220835998,2.9822667903913636,0.7542588198292454,0.06181015511576317,0.3964972840949836,0.6456916884887911,0.4311247889887475,0.549069267580095,0.8627456381446341,-2.274068217205331,0.9029925944268933,-4.948614051970708
1,-2.2226568143260157,-0.5203349915238326,2.2093718001280385,0.003023939896277617,-0.1594777331321875,-0.4548694634861792,-2.5783519118997247
1,3.2833473739231733,-0.08019953434868962,2.400599041485284,-0.5081307207714418,1.0531530393416035,-2.0783538335573306,0.8041855364603301
1,-0.01379018893698888,-0.37661431491471753,-0.10735444668264929,-2.514382882033523,-2.4767200019344124,-0.021995552813439317,2.0263337640688284
1,0.753939492313895,2.9810134430928223,1.0640645688628871,2.670730638666231,-0.254992131256866,-0.7722147509919611,-2.3965071456752143
1,-2.226210718859963,5.204324321706566,5.2633465020358186,-1.5036391081932885,-0.7477865735426966,5.652234150681515,0.8155162366659251
1,0.6422699715751122,-2.2127502458503887,2.45112144665738,-0.9955767820477602,-0.5780929047752755,0.6305783534116356,2.63695345381915,0.5182495104033629,0.3707095541601815,0.43081999748204064,-2.589960001111708,-1.396223091683917,-1.3932740822155756,-0.3604141432377072
1,3.755968218406079,-1.1587829545081163,-2.115722696551003,-1.5169462138733385,2.991871015524554,3.230119731905928,-0.27348827941762877,-0.4307344692713258,-3.0619094597851113,0.6771087306846686,0.2937697460491518,-0.7613757046807096,-0.7787916994767904,0.2897615579978283
1,1.2763562362480434,-0.8050081963092296,1.9944679164485648,-0.9397886919447191,-1.0540877142050629,-0.5986995350970659,-2.6545842721456268
1,-2.3277499728288906,-2.571793516599995,-2.081462980136093,0.07014908953225991,0.5285146288763046,-0.9053303167999929,1.538934691534811,1.8177640761577543,-2.6691600652103924,1.2322195788285244,-1.7869491283220438,1.10269883294139,-0.10017531681595127,-1.005882234615656
1,-1.4441136597363393,-0.9773677685095958,-0.18149654343219332,-0.08164179622542475,2.7565128848297533,2.829282491965632,0.1705155375673796,-0.5527132426440556,-3.133575685926272,-0.28015350839401837,-2.3597382947391186,1.2188985226611189,0.8446802913192132,0.2707778013289645
1,1.641962284261187,2.628104266442509,-0.009253942276202349,1.076132013966764,1.1587730300479215,-1.965863622412931,3.254576493201379
1,1.8218127855339887,-0.46766116331163077,0.6297371941420012,0.5104319588206674,-0.6501870675748715,-1.0054845607525555,-0.047603110928438934,1.1207032261251242,-1.5689616262645403,-1.8023911335165381,2.6262572170909984,-0.5432415882453379,-0.6536725711192193,0.6223273995099251
1,3.120817355952798,-0.5626774777488261,2.372146129866952,2.4553509115666996,-2.822008224404448,0.6738608078038667,-2.355360750558455
1,-2.7196233715177365,-2.7956224278964332,-2.904735089881799,-0.34655884463789144,2.6692447084031623,-0.5953070906032527,-1.145723199460221
1,-2.588178804588258,-0.20888785566271012,0.2771236235743751,-2.099208799390047,2.832151378400633,1.5320820956192658,-0.5276471055205615
1,-0.17072381331255132,-2.676081806571789,-0.09061853712150286,2.718276655010339,2.654402634251546,-2.56303203333389,0.6254717896794199
1,0.42898469754735863,1.0795863357496347,0.8652546047473971,-2.38816880771038,-0.5650040181866115,2.2602659818719206,-0.22706215895796616,-0.6783656689009263,-2.7612872932227934,-0.7608764150044269,-0.19856180177336813,0.16067954216439662,2.4408905877952014,0.04559656825274206
1,1.0186382565579268,-0.20376973794378336,-0.8675999686528332,-0.7738093667784546,-0.21023107068997454,0.5484602478198967,0.6016221898266203,-0.027639084219505592,-2.838258770845359,-2.8140730609447977,0.049443019917085856,0.603257980105026,3.1760034993790676,3.165498779710113
1,-0.10665432671051862,0.3561554858956105,1.1655365576790737,3.1195346836175943,-0.2023336296574169,-0.5957177688843467,2.816202022603112,0.6790465067284669,0.5573677330938275,-2.774537504380206,-2.498141940886622,0.836928568519943,-2.587104745539445,-0.016727065666096056
1,1.9101861763203836,-2.380688868058595,1.3483639680067379,1.2633403575073943,0.31062080072500653,-0.7393556455897469,-0.3354445981243969,0.8478026912913348,0.8568430920119737,-0.29279732754984483,-0.6501159749213504,2.4685576829846827,0.7991998675631139,-2.2026367812731746
1,1.2185513143303734,1.4948008217145496,-0.5402401977118947,-0.3258848422894571,-1.007236118858617,-0.7562745557411149,-1.8622719419452842
1,-2.206215900739153,-0.4252344192853779,-2.758054435043944,2.741931269325864,0.3787988356119281,2.2995257823084554,-0.1855391658719803
1,0.4750635481476412,-1.8959545107915603,0.7414231359745546,-2.009124544824834,0.22776101364760912,2.162659537094934,-0.38743172017754096
1,0.26319461077829204,-0.3567103925594927,0.04167638997895165,0.5038251634266621,-2.347484960065806,2.0672108352212346,-3.11966713220986
1,0.2660307176475352,0.9555221192597293,1.0086490932603351,0.6170695035777968,-0.19399149801106158,-2.7881086968652515,1.9720700979336006,-0.97566713479685,-2.4561021169048076,-0.029653206958572178,-0.2214246120545639,-0.07386728457289721,2.1188102283932717,1.8550268203569735
1,0.11800586611785922,0.9386041935079137,-0.04028241534500571,2.2724410216200415,2.3598886853264855,-2.3937917399570527,-1.2637873046042707
1,-1.351854598662038,-0.45061830220852706,2.8564320507480643,0.6369061075151948,-2.6930539408270002,0.23551478459997266,-2.2472713614455504
1,0.1491935304072868,1.897936956976584,-0.42383650771839165,0.026266300163382186,-2.417537975820426,-0.47776473956289617,2.164907441166083
1,2.6256699998111306,2.4195440067699323,0.43623368138329066,1.1958079071103778,0.36422885404807653,-1.252205761428951,-1.4893215999038676,-1.0278978914167294,0.3672226825797495,-2.230838977930476,0.9058785517207798,-0.5263215306561284,-1.1828863666091318,2.3748538987172956
1,-2.2741330663732104,-0.07662213147400236,2.049863735238883,2.012488619067774,-0.2769024384016302,2.1449322674518387,-0.37110735295486613
1,-2.8223205744153907,-0.5672504710917954,2.1774214849641433,2.0917155500345546,2.180667411588085,-1.3820916849675957E-4,-0.3223833697043652
1,-3.1910268110985323,2.2473765584785768,-0.35031000810309487,-0.11817518716668449,-0.6887150145890686,-0.3858490017282566,2.8959646317852243
1,0.41026085820267993,0.8095452034286769,0.5874224388357604,2.0395723346789056,1.5869402895486948,1.8370169557046396,2.08614717121794
1,-0.2911887639320589,0.338182859782568,2.415243036008778,-0.5036958436871126,-2.622424570641744,-0.3758233919887603,1.7654731462348607
