0,-3.1284661470404447,-2.882261040960305,-1.3577795765172211,0.7858023126919358,2.9914838288363064,1.7478755127828483,1.0579179443853755
0,0.9316830813064101,1.215021391246481,1.2362579665037883,-2.4791891287239594,1.2093820362289809,4.435767484122116,1.0561563109963537
0,-2.2002257374452134,-2.170423444739199,-1.6883961361465538,-2.390006232790177,1.3552980355802164,0.5818322623059801,4.547892345083227
0,1.130813468557863,1.1979855263688934,1.209544922960321,1.3801748823601068,1.5428326019003495,-0.21846970593560192,-0.10797199504287805,1.610667470129462,1.5957969047484917,1.300873913999053,1.5569172798824915,2.7073391450839996,3.5143038892036014,0.08754560871025789
0,-0.06942550608651313,-0.12556479960694586,0.3499577991865152,1.5212100460176632,2.183570430277133,1.9418727101816542,1.450670915586455
0,-2.3346637040842713,-2.067531225722367,-0.7163697246157525,1.1628415134542867,2.4061718160021375,2.416668525007369,1.65161610055009
0,1.6852824266305964,1.6304610016370764,1.521344900794476,1.5682595349484338,2.216224933442218,-0.18674388488931407,0.30108732216201445,0.2724186378000134,-0.10429461319106616,0.05855974811972726,0.20800900523324672,0.13000204831697437,0.10216334189802594,4.649168730136147
0,0.7257817724040212,-1.8349611386825604,-1.8115565964541775,0.7831601828298537,0.7220048866416158,0.6769892437454694,0.7335083623881599,1.0058826917080472,0.6215815404185531,0.765296257538761,1.616544174698807,0.8357017762661173,3.827142813006831,0.7131103206601258
0,0.8392676648246675,0.8452312078957378,1.0982581699244098,1.2717950434269008,1.433440122005881,1.788566348235406,1.8245751175307003
0,0.5871559535712522,0.5375646066079618,0.5111312258393996,0.5914170572988526,0.4163296507028881,0.12498859407466431,-0.07511384686141669,0.12072973600762199,0.7416611434571622,1.4996193424338964,2.001949488256356,1.813045654892729,1.260603224980158,0.6271650988676124
0,-0.8855002798266065,0.8958121253856236,0.23204433591395318,0.33113739509116186,1.616259592597685,1.6742442703570044,1.7846603132483148,0.5447959234500176,1.9999437871555767,1.9781570578504288,0.5334461679938124,1.0262047450143599,0.8991842018650151,1.0096081239461998
0,-2.0651247196557403,-2.454145612084318,1.3024038658208834,1.0096010138473424,1.1150721138241437,1.2355933902742477,0.87303520056945,0.9785470305657763,4.434800243988111,0.768510919601891,0.6215094571609623,1.1478992466705016,1.37198792159944,1.0279734300316112
0,-2.564726711345803,1.429684716187599,0.5879873813909762,4.705479749952003,-2.7234355294806165,1.459910627491277,1.4641031811297638,1.3428215198836229,0.9351979286999208,0.8708568876833774,1.0937985468777238,0.9849560932548812,0.876629658571706,1.014480795917394
0,0.9291096222060635,-0.5874503155154936,-1.5954611924644344,-1.4097767047661445,-0.18333768719260143,1.1000766480347939,1.6108903255400924,1.3838025807264729,0.8429078053353202,0.47593991473003844,0.30884082507679167,0.40000739039079836,0.565366181395358,0.6991900748890171
0,-0.13927502490409888,-0.12788061369729994,0.1480097846021885,0.8564341435760789,1.7581227471765393,2.1986363393132167,1.7396534146174885,0.8064326425202486,0.30776144781836623,0.568113848695199,1.0549418395266212,1.1835316333373154,0.9855231777463234,0.7000329707647417
0,-2.175474336755642,-2.8499320105128447,-2.7712666535004775,-1.3521698568953786,0.32773867034686244,0.9603481877957495,0.742760819043757,0.7964517779443553,1.5123547806082194,2.3223732091820235,2.3358108669050073,1.7386464875826055,0.8921604529451994,0.20969864401216975
0,-0.24620656411085573,1.1416815305205723,1.578579044645249,-0.04971512525017481,-2.4493908201843517,-2.77161870653452,-0.2160048406163447,2.583712695789164,2.869679479791479,1.3749261987730175,0.5825431855591063,1.1623869398108546,1.7118077192121415,1.358611362903786
0,-0.7400944516735387,-0.8561165937686582,-1.1493207763475388,-0.8225893108416052,2.493106304118614,0.8579111262505739,0.029589544806384364,0.014379340303141072,0.2223768589097473,0.14735306204964935,0.0074003878537974195,0.17741141216303738,0.5375788208786753,0.6730078505140479
0,-0.15943704993263014,-0.1985406806353447,-0.4805659611737061,-0.6083295660456204,0.10277544500973997,1.7969195293609088,3.525627949063034
0,1.075060064516235,1.165345085789626,-2.4112917930415443,-2.432657829201363,1.1340350976867384,1.1531463117740979,-2.4224665354451145,-2.305403331864211,-2.256211345496696,0.8770026077327473,0.631692221024151,1.3886611412050134,0.6799652270631636,1.3144796804989671
0,0.839501241267885,1.2779724279331572,1.547173491591295,1.6236604143793498,1.6593225695709297,0.7651804007962691,0.3366112550334893,0.21188251127669067,1.3373088315622657,1.1101441089594917,1.2545636487397225,-2.7844304466986705,0.025039916821294306,4.646351219805148
0,-2.35544352517363,1.143324163148751,1.139703069142261,-2.3640563065253137,4.329983695164393,0.8321936071413617,0.8125444180558606
0,1.4267475482307943,1.4842644953614776,1.539784351880086,1.4176978151505626,1.0523024135179602,0.5930960191843937,0.31991957748044725,0.3810552580198438,0.6292971212350565,0.7800257662140921,0.7065008459725918,0.5308516380972889,0.41215460499486223,0.29095119020704896
0,2.913742460091158,1.4576215854247165,-0.7572759074088833,-1.7348928529970589,-0.6339180690058149,1.2889718919803395,2.2113006881804473
0,-1.6942596181940386,0.38491103260682247,-1.633726763150055,0.6721975915746218,1.4576634766567425,3.5896638975519117,2.062445966131821
0,1.2324598288645505,1.2483331999183482,1.2585508150320086,1.2996499083731006,1.3370923472970315,1.5110540244196868,-2.7605583749040004,1.559400093632667,0.7653624824541925,4.7775213653613715,0.5383677024913411,0.7627067456887918,1.4486848478870122,1.3644387716695852
0,-0.3662029913041688,-0.10418084879085816,0.0793070587792473,-0.03906668360011827,-0.12392903008002361,0.43349586810960244,1.5118377372407055,2.1727264206612675,1.9452365549383366,1.4886948388658727,1.5504888693168963,2.0301724268380843,2.4387201868141717,2.574599030495192
0,-1.3869465063835758,-0.8877745178347766,-0.060725432920375605,0.8226738107419002,1.4374975468738704,1.6850243842305714,1.7214792666776217,1.6237340110826894,1.2899279997581192,0.7893185440137837,0.49793618808570594,0.6269551874352082,0.8355412419018277,0.6436907889175048
0,1.4327665556075366,0.37225202808285135,-0.40669936235795434,0.868816714071583,1.0371433435531838,0.8159635807471395,0.41450012824207255,0.623410016692623,0.9267157678939061,2.4085735092808758,1.4306834774033188,1.2043473579916817,1.1247206690246658,1.180127596833161
0,0.8482095843983126,1.1972925046624914,1.5037958328027652,1.3745688189751502,1.1427836847554358,1.0815155549008226,1.0014181753141573,0.7986886987403756,0.759851313952794,1.199560956109733,1.6289113878163657,1.6486464912939853,1.1934203148356266,0.7110515558726408
0,-0.4046644010785843,-0.43259312441399445,-0.361705206535612,-0.09407764482899876,0.09897578953779179,-0.04570112427579597,-0.1225094421538935,0.4428357716008616,1.52338416563177,2.160863479740311,1.9405566175936153,1.4762038188274258,1.5534525998228481,2.0392324843856056
0,-0.2731371312533311,-0.13782523856144668,0.18811920971285573,0.12174192294581458,2.1327085352592494,0.9030935137527925,0.839272810717642,0.7771008873753277,1.140983638647549,1.6696438827079747,1.6317160512059543,0.9416984655048162,0.5539324180985039,1.105534312655017
0,-0.14343393487326653,0.47002755264626556,0.5770482404625425,0.1455657128379021,-0.11703814186870327,0.03675880921858142,0.3019584678235715,0.5186643544452482,0.9608717413094294,1.4798935076923205,1.701952036358725,1.4932365725114636,1.1594393431726577,1.1078425282075923
0,-0.25624810477657356,-0.02753524865150751,0.09802733829578326,0.07820051240378752,0.1853546543921558,0.3416776174383164,1.2101201428078088,1.6005878588039677,1.8953425390665488,2.4075666338614807,3.03922143372162,3.2662511238293783,2.786354311901749,1.8605884119955027
0,0.14216222224880332,0.3958102043199933,0.5033578676114643,0.4861320164840565,0.5167662455418972,0.6033985700252654,0.49582125264986626,0.3099045155805553,0.6052844954663874,1.3866437726359184,1.567821014031527,0.1261179840914899,-2.289495898745602,-3.9444892931415985
0,2.201249398968802,2.181619525743453,-0.4486229049753432,-1.165854406097483,2.0498006375182625,2.821584253886842,3.288858033758875,3.0671604729008153,2.559654479028672,-0.12799102613414293,2.003673020803225,1.9774416199488336,1.9567449795348748,1.905547405571517
0,2.0433687409135683,1.1739841169492993,0.524928201737783,0.5523236599539647,1.0943461578028824,1.4472034031370247,1.026856842612354,0.11939403067716774,-0.2670182766009771,0.45339386260110826,1.5962004947803454,1.8983263531766552,1.028589403006791,-0.062379802685597244
0,-2.555993876522337,-2.3942448795616573,-2.603639110045978,1.8045819810250345,-3.0208314503450984,4.9804881017489215,0.6552857590370633,1.022992101407319,0.727620942301193,2.975700707232224,1.4993027223216322,1.1864017104096845,0.7364596733240044,0.4307012882710929
0,-2.7317565914779904,-2.7284206754700744,-2.742004420506016,1.7290320627073072,0.9458398167063409,0.8537338992076864,1.5269030834121693,1.5817268550671701,1.5516393098822512,1.7911100609384696,1.4015046148232748,0.8350147977412304,0.579755863026221,4.90627742338061
0,-0.23265768265212952,0.017503907546691025,0.23633666996119485,0.3955565530913086,0.4593214987426119,0.4039725720593581,0.30106681750193176,0.2856196230019588,0.41976415384168136,0.6445456370442978,0.8382643169128707,0.9553498368265897,1.0181523546333604,0.9979614390015833
0,-0.364741149221225,-0.36929347010887886,-0.37091311125356413,-0.37412026994299313,-0.37878984634151247,-0.3821542984557088,-0.382487657478149,-0.3808378101264208,-0.37985816477889844,-0.3807384767896852,-0.38221536667656925,-0.3833504635746873,-0.3866323916698823,-0.3968959254383957
0,0.7843428146051528,0.8147551088073179,0.7405172965794298,0.5724195195754638,0.6863287282916861,0.734737656252325,0.7698034581183822,1.0416652297861906,1.4754233051034111,1.5866344308503841,0.7216440900634743,0.07136896819550398,0.48621069997651184,0.8893041486203618
0,1.8029012908506594,1.3446409750496562,0.6284295850219199,0.304497422123264,0.521860029014257,0.8468658601195396,0.9105254658176176,0.7453547168224761,0.7271753280727804,0.9253577771005568,1.0748036345912113,1.020330540386977,0.8757676436124039,0.842098771865966
0,-2.0900284552554935,-1.1551652567166448,0.2183534679006812,1.2094587858504835,1.4367770978556886,1.1481358478175743,0.7771729840140912,0.5364054078309798,0.4292528343186828,0.39377581110224164,0.3736477145468417,0.38296166185687097,0.3826790075197192,0.38262035986112297
0,0.6331468349810568,-2.0540925114851265,-2.1458828797662215,-1.8635094772595815,0.6177510959246199,0.8996925626256627,0.8787669408167399,0.8251399625738374,1.1604931186469387,3.7671063223395875,1.1618728690139435,0.9205190389828967,0.6590729072921635,1.3542317001410378
0,-0.8851344907401723,-0.4551208916343261,-0.09645427343405906,0.24822092765881662,0.6913807355144443,1.2828926209481857,1.9175548885479403,2.355374109119883,2.381829920204621,1.939124425919358,1.317465402378757,0.7297708605679923,0.32490734051650527,0.1100131265970653
0,1.0092558750908234,0.4328407449712102,4.695035161385889,-2.719466143315791,1.5340355032263655,-2.7159127325672987,1.2737575690633616,1.1426900572554424,0.3136591183009172,0.7492720414768145,1.041540828276117,1.1424203513674398,1.1542314054522977,0.9716609085372278
0,0.6410816730264546,0.5003374614806506,0.3569385386281033,0.4540121955265739,0.694782745659638,0.7198863209809137,0.7394963772431443,0.7819568333149782,0.8788202565494733,0.8751232892999571,0.9694765584739177,1.15115893869583,1.2502712584257953,1.1410060606289465
0,-2.5546515403924706,1.1778214217988403,1.376446610510726,1.361984423752008,1.3247759870209286,0.5644444315723431,-2.36727070872242,1.1330984904944794,0.6761647711536055,0.4951929269674428,0.5791400899958702,0.9906461129860685,0.60263973473842,4.324118247209131
0,-0.6807111779482125,-0.6784276574350208,-0.6709491108832154,-0.661621159936959,-0.653105225916831,-0.6463029379017786,-0.6409879716533924,-0.6368649712747013,-0.6334947695363309,-0.6309566266660265,-0.6181187066051766,-0.6050453728779482,-0.6061167551896144,-0.5919080566830602
0,1.0031809688036954,0.9956866719223487,1.2506382011432777,1.1982688898087552,-2.399511536821535,1.2107534576483583,-2.394935640066819,1.2023481123399373,1.1687217657902065,1.1708042007241497,1.1838842351078864,1.2041021077087477,0.9726532350446694,4.3627685849344395
0,1.3729410212226567,1.6958620862474831,1.4566569954848467,1.3560267955394354,1.3292625207908446,1.8840248598073932,1.1015659752971059,0.8594259272649114,0.25183868176711244,0.7060050300639586,4.478466138006856,0.4773884694262395,-3.1153079019163727,-1.9174997169266745
0,-2.785452946487341,-2.28400743786721,-2.598077063219411,-2.934165678844215,1.9573207277535853,-3.181510885335213,1.6383931977285628,1.5136495840715163,1.3197146454029431,0.41214631841136196,5.102596635604987,0.22895165260889344,1.469484808414561,1.7685498688626997
0,-1.5977443238848437,-1.4696823996014092,-1.729240566875408,-2.1455520597521587,-2.08157381324841,-1.1470338076021207,0.22699690111105075,1.2098147140027342,1.4273788661330036,1.1398232485690767,0.7718221351424525,0.5299275362847008,0.42317106779427643,0.3878181688114817
0,1.3800281658974063,-2.589482309542935,1.403070584513134,1.4270492250731766,-2.547748280206522,1.4441824321642085,1.4234677340418636,0.9478624912673372,0.9841904075481301,1.0176457146603448,1.0159825394858177,1.4326810627882511,1.3892833414039079,-2.404913858461573
0,0.8134084400049009,-2.0260708164148546,0.8217810536807982,0.8311677489970739,0.8370915338472367,0.8351100537851993,0.8287294659563406,0.8192048344123241,0.7667588377706875,0.6422711916197315,-2.041384989767994,0.7706553348416011,0.7814728290275065,3.9799748090608498
0,1.439830791098248,-2.361864217363542,4.2277844275359096,0.9933667114359339,-1.8024044257261054,-1.2903636126916702,2.178697670976775,1.4581223698220593,0.587260550271307,0.6174403666715647,1.1948459602890191,1.8108708689152913,1.9639726773168733,1.0459990360484481
0,0.5454517558988807,0.9934351490804296,-2.0501445029959022,1.2238776725947718,-1.8203727351407446,1.6981314326220127,1.691178692261073,1.4328764245015237,0.8826760038334778,0.3303525896385954,3.9429104791977228,-2.201761201808254,0.7974440363209071,-0.365537759761374
0,1.1709563114101014,1.1816069383402212,1.5882132561317304,1.6743018432603247,1.0420394208253703,0.14754293115426592,0.4379126792246937,-3.5410988380527946,-3.337861968708438,-3.111460550336265,4.7706442408785845,1.1358988602855051,1.0146174116166744,1.4838964968746977
0,0.8381875921540712,1.493243643370557,2.465019230725837,2.9441176117960306,2.6160960043627024,1.724371873333493,1.1282909640852208,1.5900470132057034,2.1617909255192482,-2.7426223861583945,2.1414866159225174,-2.923940107876776,2.3682166790122388,5.356747065600446
0,4.371047866899633,-2.969369778092003,-3.113533030823268,0.931762062487969,-2.7554706858384397,1.1308496326744943,0.863698743096785,1.1075756106452765,1.6180515410487564,1.6579473593453276,1.0531854170169308,0.6222410148650025,1.3598285755795114,1.9316861301428965
0,4.423149199020424,0.7687810583450636,1.3464704816571094,1.883686398930062,1.9340503209792481,1.6334085261090812,-2.468349027274844,0.5983544513251378,-0.07160004421020705,0.17993737962607684,0.8994168709659753,1.2165277798827883,1.2352416570698663,1.2460246909477553
0,-1.5364696556396118,-1.1970893561956077,1.6546037387459271,1.195443055464092,-2.156184554205977,1.2249459267891227,1.0467683422985017,1.1423606100269872,1.488154058693131,1.4860409238669001,1.179269917439677,4.294326916717371,1.5084969359749494,1.5608867781227729
0,2.0079091293416207,1.6813075479494988,0.5923111963811264,0.634017341246108,-1.8569967304472847,-1.634314105960353,1.3059830620292736,0.8582151925680632,0.8056984094698382,0.930274611178887,4.137997592250868,-2.0904147708508636,0.8116718066105079,-0.39219684829779
0,-0.19298142190175066,0.6424377983675368,1.7704383262613437,2.100995945139674,1.6904348260261393,-2.375045049030391,1.5113183126836358,1.7213406453455138,1.281151540911186,-2.647392777538015,1.0774467075822711,2.4624866903958424,5.18625149877078,3.3909457232745797
0,1.5621751906206391,0.7651613750417864,0.20938744951218996,0.5247638451346935,1.1183746549387266,-2.4036952049148925,1.0442281352634661,0.6946315091160449,4.336746120841843,-2.446622422388634,1.2022665237423127,1.0559431025722354,0.46817139627425375,0.4250518440161161
0,2.0377546784939327,1.8119996249088872,1.3787082620947668,1.3158553458210658,1.5937362319363748,1.910880945571128,2.0306931405085926,-2.392007221716334,-2.4895479719198477,1.7280161939011722,1.719831740345184,1.5952480928331607,0.9186015071781546,4.355710204911278
0,0.25107682784747143,1.2470812813300098,1.5105631187729383,1.5071081736982432,1.2899607254658485,1.4436971511640264,1.891503940166071,-2.0537523682801306,1.9214524400280972,1.9455556698227923,2.483775505867451,-1.7537518846201892,4.806265375916652,0.7705371641586423
0,1.1960977527501915,1.175397394014755,0.8106015516349281,0.9538214400922154,1.2314149602817825,0.9906629055307273,0.19105471119219092,-0.10404356005422138,0.4669639579525159,0.9741622583441868,1.1636442111277858,1.3380345393586652,-2.069896191396866,-5.623254977543739
0,-0.17383182607113482,1.7485763711961293,1.2857689400588763,0.11408496133081428,3.6283844841732837,0.2671434051708207,1.02337295755634,1.0026341762067594,0.8886449686328401,1.1075893812205568,1.397837329533142,1.6879972295459849,1.8501500323799882,-1.3064502912254055
0,0.7548310053193172,1.5403052989218753,1.3504984754391436,4.373508983963926,-1.7929483966151676,-1.6615730175036414,1.5453624610255845,1.052033302269402,0.5338549804218673,0.9422407125997052,1.796143573763506,2.2584810385775866,1.88489922021682,0.19433305782903298
0,4.017544614968616,-2.575950145264033,1.140118060906896,-2.4931630774329103,0.6824071970931211,0.4207332130694963,0.7046339919025577,1.0243745765405068,0.9719049113758851,0.5492418108716821,0.19562171840909356,0.3740375153693732,0.5627563907358536,0.7548049339740857
0,-0.8956186373563544,0.4406066993611729,0.9275134297096093,-2.5708494249675877,0.6511782113165945,0.5971789986229137,4.317810226857625,-2.3738608577808997,1.7184322748088834,-2.071577569340463,1.3510322651325495,0.6618109333250176,1.2296740076543242,2.0821388883438567
0,-0.19910134320080958,-0.932912351647786,-0.5532478361010462,0.5218238325962643,1.08268868792472,-1.9814227494805234,1.2537023084232652,1.0535951686737532,0.7225591348678718,0.7739003404931076,1.0946392762547958,-2.0333173224657406,-2.3744848973072337,-2.3516328638883026
0,4.286285895843672,-2.520742326303436,0.9727466833378106,-2.4172474058211786,-2.219390156524617,1.33294597853185,0.7320978850556984,0.6032960080618729,1.5276419085137458,2.0380883083190118,1.6147084925010788,0.3066360638298059,0.009506345884001018,1.2468378496308992
0,4.067892966523406,0.7135654630306335,-2.1069367470124734,-1.8531500919993833,-2.007975465672957,-2.154593454423402,1.1249054241624497,1.3733604717593613,1.2254817568525767,1.0005539876976788,1.6048203775159688,2.1602062829323696,1.9955516926462717,0.8797964722758141
0,-1.6580620237311925,-2.4992258750849228,-2.8522558945082244,0.9516069985852613,-1.786942528700449,1.7001583562089142,4.035728409741054
0,0.5803965225856363,-2.195046590773298,-1.3856263989381108,-1.4285638402975995,-2.2571086371212545,-2.7229797012682484,0.15850146602303664,0.697951038745494,1.2454621156944572,1.488387665075136,1.7342840972112674,1.8427729992423152,1.501778267888264,3.9180218158865516
0,0.997684703694782,-2.8519680797042586,-2.865200950573868,1.207100869243392,-1.9424627642742573,1.5750723496402381,-2.5238139741899186,0.6381294575782998,0.9510426047568022,1.4718423079608185,1.106047158049247,4.1687017866968334,0.8431472435735978,1.9252406891057436
0,1.3586726751606801,-0.6391920198214127,0.22397259523386062,-2.5506249186470624,-2.036309933086337,-2.302293112272137,-2.929274308131507,0.9081167421713644,1.3543448243632767,1.652158918887912,1.451718662141606,4.738527281261072,1.6380994331632999,-0.5541508554132866
0,2.0036909508587355,1.0132412534255975,0.8567334515109847,1.6537096143844665,1.961567282640845,1.6705383280846386,1.2667882788657254,1.0223096396790292,0.6262041775301934,0.425032845796323,0.7037863891130137,1.0861372624581087,1.0140614892494877,-5.715857510099342
0,-0.1751051512828311,0.9750210418543673,1.58810766010044,1.4074070098902067,1.2464399881864474,1.3057014393659105,1.3728486975229266,1.038902760266055,4.265059231181629,-2.589531556938042,-2.4550283526605576,1.1634015361748609,0.5610578486450253,0.1066822573429695
0,0.3627221111302771,-1.009189682187511,-0.8007427587629812,0.24829367340348008,4.363953284415357,0.5498199478367103,-3.3127502606628316,-3.6065971605918725,-2.9904963967769143,1.1174004194705385,0.6416217597748272,-0.32453031257061943,0.28723225493167137,1.7802721297536563
0,-0.07284053509860622,-1.3530560393000453,-1.8823123911557837,0.8956883258679685,0.6866741314258034,-1.9268741158276375,-1.1482133446076648
0,-2.0462204637641657,1.5269780375189672,1.1235691321009051,1.175222001395791,-2.111574132107074,-2.3660993028792787,4.0228422422358845
0,0.051599786887697695,-0.33970982103894687,3.9008773398429364,-2.634349155513304,0.15687575169244405,0.5171540025312716,0.37219336606699244,-0.6138310022932507,-0.8955866376886665,-2.668891249448652,0.7711931757791662,-2.5807324027765226,-2.9303522987272306,-0.24533581929048587
0,-1.5162865421878082,-2.738699934775102,1.1435760389474119,-3.3745798057677714,-2.7892754048094517,-2.5681984276237,1.380456831814847
0,-0.8779442470676225,-1.4230208187548472,1.4456957619267017,0.7416780364966133,-2.658731802522309,0.262576374983876,-2.1628218231586316
1,-2.323884470495725,1.2924528298690865,-1.5559656037557652,-1.4055599290775411,-1.9460395049982986,-2.3958206825404433,1.7290333070065889
1,1.685082824131104,-1.684963779940259,-2.0024657768581755,-2.146066076024186,-1.9959195715088305,1.4569706117128027,-2.3615081166497314
1,3.2516623968581384,0.09844731019952074,1.180991352233029,1.5354347465103009,1.0239166667197135,-2.2886748004654627,0.27288616641322144
1,0.8216817774056844,-2.387921108481679,1.382765771152049,-2.674668583843436,-2.7770522845656798,1.2113815892786708,-2.3882902138123
1,0.8445835152291435,0.5363743095845924,4.794538872435911,0.8657024165020627,1.7537502702186734,-2.5075919140082457,-2.1777971769172257
1,0.8683317473752618,1.060295596296526,0.7459527912835953,0.404950443592058,0.4301573082866919,0.525740964160694,-2.3854525106624775,0.16088738192817575,0.086278073841348,-2.6400515702610634,-2.282831668590171,-2.0007830328100615,0.725517155625524,-0.14142389758361412
1,1.464438160363283,1.8060571042436626,1.9535706592247737,1.8099661993792584,1.4128726760193457,4.775267440875835,0.6873576959542992,0.5796552485319979,1.2603023512091391,-2.822567996702461,-2.6238598083312685,-2.5857140718658855,1.536261565888848,1.2832764099926763
1,-1.7956683856685451,4.201347808394717,1.4434496346990364,1.2445173644073062,1.2050777972626556,-1.8959447168507844,0.9399219753145557
1,0.39890168600518755,0.8804036693488102,0.7970780960711986,-3.1527847815072945,-0.007458517001001025,-2.5790008190501323,5.146748040364844
1,-2.1117747765993133,1.4296170741752816,1.3223046843151371,-2.128858868907474,-2.4296447139420305,0.5707126089022748,-2.357189747644892
1,-2.794282701947963,0.8643369021280252,-1.8385718679003624,0.9010501211862055,-2.43552798735324,-2.4736305972579955,-2.139506196586409
1,1.1640420381412222,-0.1269464029084892,0.2839463373426787,1.0537917106907784,1.0933435532073055,-2.6388186185943017,1.046794047557612,-2.502144511542413,-2.465825080854407,1.0704928509513278,0.6982119572204455,0.7604444797860089,1.3499569221349417,-2.054939847105424
1,0.11384868376484972,0.8592955909202802,0.34743456548745894,0.2587911345982274,0.8785549594554304,0.876451303675159,-2.525184599528657,-2.5213405047280544,0.97965354592382,1.306988605551166,0.8070588331211108,0.25895430356498395,-2.526246063176657,-2.054357071982436
1,1.51212880005672,0.5931243872871108,-2.921409674142747,0.7543939793116562,1.152649417047546,-2.526798695316244,1.5255278326878643,-2.356230398006255,-2.349464646796342,1.6395412033988106,1.50627597618915,1.0485248764252677,0.683720818632076,0.5629851950323304
1,1.2826612121664989,0.7959498379778627,0.5141859589421107,-2.7747385329966914,-2.584996733237222,1.153514216306836,-2.2164470485810006,1.5752692518120148,1.6721679922273351,-2.0608919933509022,1.5159333752040145,0.998509242227909,0.1105899471166432,0.062491848738886246
1,0.44930962983671685,0.38260606242425516,0.5795758669985098,1.147908906418913,1.5086559480272124,1.5393012918979658,-2.0278108691813106,-2.0312124611673714,1.4742118689800865,1.3810981677960885,-2.241260559670142,1.2177676153127026,1.1733802084602942,-2.2235299960185837
1,1.3524308581194642,-2.5721603045259895,1.119718406576206,0.8041974314929599,1.0687399518749285,1.4728599988393485,-2.5299453424915033,1.0550940526331407,0.871958106761218,1.2864204400292765,-2.3658992692470395,-2.2916883809979787,1.5576340665256505,0.924255116608428
1,1.0919416794853367,1.4766966482259012,1.501249076393235,1.5971863336619347,-1.0997785969286031,-0.8600694907718491,-1.6132469048820346,-2.2087350605173106,-2.082965545115591,-1.709725891463945,1.694546148908354,1.5334343890251676,1.196757219602469,1.2212144560736422
1,0.8745577511975021,0.753330396427898,1.2864083617396285,1.480351960293711,1.3294049319300296,1.4931397067810206,-2.050900946748236,1.6636110874931425,-2.2763646027312783,0.8649312444028064,1.0571494522550586,1.537159740781197,-1.8363509041364765,-1.7934206348906478
1,2.3316609154228107,1.889067984501329,0.5309278777695091,-0.09924162100420995,0.366674242720834,1.061566838352362,1.3503451616068687,-2.4065211727888403,-2.7015740750736654,-2.7934419515315705,-2.639730663278088,1.0070444932717104,0.949923797524449,-2.51744031015964
1,0.8377294056537582,1.2037885647602775,1.6319936050594461,-2.258076781532838,2.0105017971707673,-2.082334030012602,-2.3551651444231667,1.4572819663653112,1.468281028413333,-2.3386772220128664,2.2907153392302235,2.156133948992699,1.8080376522052661,1.5672280410824262
1,0.8488729085304408,0.6680397767181335,0.8465924937952344,1.005711120996616,1.3157208519358694,1.6954665662067532,-2.116276581384819,1.412033664778526,-2.579509842640527,0.9888683532808353,-2.4400539025089234,1.277192456760198,1.0074177811698355,-2.700012965202409
1,0.6780759990353675,0.47101329142761317,-2.2467007128346705,1.158076892744095,1.0263151790774707,-2.2334462262495207,1.2390978034298252,1.3731727780659067,1.150947918874185,-2.198379026623088,-2.087579864468027,1.2819113218255092,1.2937204517228278,1.6273919266338288
1,1.943727799256054,1.0574742980375218,1.002119320235154,-2.369255336386324,1.2185584484095977,1.0811432104202092,-2.345911835479237,1.265456488786515,-2.353053870517645,1.062688503046801,-2.347702881405498,1.437763204310493,1.3533375192398365,0.14558576101230322
1,0.9010987183568921,0.5318941649871217,0.44594052058803596,0.28366675131662766,0.5841109710533091,0.41719795156204087,0.5229988941378285,-2.393524516377239,1.3962284896313317,-1.8317207360226995,-2.0075545942883366,1.2383820319828671,1.1630167467958001,-2.1294791521667737
1,0.42877204924316215,0.6942377700000237,0.5545625404375767,0.28155976390557397,0.7427366651185848,1.344224088050974,1.0173684928412297,0.35281428525289826,0.5005280339587536,-1.89453588511271,-1.5978415766115945,-1.827758226427053,-1.8806001434789623,-1.7440427237029437
1,0.9375682332110625,0.9393590563636237,1.5828717598739608,1.7111602592980852,0.19492577889116897,4.404631672708041,0.24113561785599907,1.5488200573999038,2.0981648412554854,1.9769265874863091,1.855888065386421,-2.7096305259842874,-2.9403264422587685,1.271271919689569
1,-3.324352701531526,-0.6140726515360072,-0.842858321715208,0.08336346829664934,0.8602008821831125,-2.4310762063607827,0.8830058403228978,1.1423453608556329,-2.1676959057440603,1.2882115153285825,0.7106657537031336,0.3028198538998779,0.8571551906758658,-1.962514900289914
1,-3.035563165126228,1.2166701552668222,1.439039440723073,1.165788733245147,0.7218788193948538,0.30356614480340244,0.624924730870623,1.3816892512743686,-1.5933946398538397,-1.6029464597425627,-2.2078959277555885,0.8509827594935744,1.089200861867902,-1.9769937433206597
1,1.1052131849151834,-2.0094184281236456,1.079693279206985,0.834349211038838,0.780433326907829,1.1389980635866614,1.4724109074592975,-1.8261356261619666,-2.353699959145513,0.28613503416225605,-2.451743975252412,-1.710834604801503,1.7086301163585014,0.8889032043891117
1,4.693173993594421,1.4138162857196679,1.3138154440077006,1.7477805657195642,2.2747630576540776,2.274363496091405,1.7282869068504527,1.0252745088027841,0.6996976535187892,0.7417218041682124,0.9316263438106921,-2.4733171724626732,-2.354273692608904,1.1295429054056676
1,-2.4540958035590195,1.7824113901421939,1.1382263231795324,1.0427355521050337,1.5785290155689176,1.5090346315847043,1.348976170967373,1.4274609574970187,1.8573181055366013,-2.4151854823787606,2.419566829644221,-2.265617434199813,1.9632809447064317,-2.6391586401505354
1,1.9313877910568142,1.115451064043246,-2.280657699472691,1.5462316878414903,-1.8788844442541406,1.5214685643847559,1.0689592365639855,0.7925269661033846,0.9442532091579764,-2.2653406667040037,1.2482364363915155,-2.146933352387952,-2.0516144983099722,1.586856810314879
1,0.5231135567547012,3.876339698524881,1.2148498940431438,1.6334090975550135,1.4914759031548535,-2.0677027244048714,-0.3364056497408693
1,-2.4523178308099856,1.4260178322715928,0.7490779590005542,-3.305400761515636,0.8972819060825514,1.0520290308118578,1.5827622761150428,2.0063223705087596,-2.6782833710680354,-3.0375963884504413,-3.1112765306237327,1.6627009224780667,1.9297510134586717,1.411891580619857
1,2.0254979635804244,1.3836395767641223,-3.3165464343832536,1.5194764328317445,-3.242028143833268,1.6237106728828827,-3.0706107125310296,2.0613235766983826,-2.854392529180235,1.9528144434099972,1.445666319374127,1.357889575549878,1.9732564516717441,-2.56034264464178
1,2.4661762295332066,1.2120451697096577,-0.15254096429290792,-0.027660531602079378,0.9267578395802613,4.619750972475284,1.2963335196198684,-2.490418006356159,1.022586350131267,1.337707945432188,-2.2009147507688835,-2.171920269531868,1.63269460934774,1.7798186338358046
1,2.993847136608458,0.9778566930856075,3.9578344425382697,-2.699003842422988,0.3551049690581437,0.9996449299623753,-2.2952041411862005
1,3.651065359339686,0.30058481337601883,-1.8988942773366975,1.626449667720788,0.7445397945131998,-0.3871712258473948,0.022714241222761326,-2.4464909944255573,0.5828487300087678,0.5685251061419422,-2.1719105738253894,1.839096710721651,2.0620109335012744,2.145643247180588
1,-1.9879347575520436,0.6825713793642004,0.568602730862514,0.5942396192136911,0.8139096449630385,-2.1045352713741305,1.431053557278042,0.9234955356504716,-2.739597386220863,-2.9040712844774847,-0.2129553916381967,0.2548889033556729,0.5304845165383212,-2.608784745191442
1,-2.5114760004668226,0.7174168583392844,1.8673796894691461,2.4008092942322907,1.785808113955024,4.589447685945316,1.0931089429814576,1.2667486389034077,-2.395611494187099,1.1873172977791737,1.1132247993701383,-2.501047911715563,1.2207030245994552,2.0568591660133455
1,0.08966198436205146,1.2065623340740785,1.1466137762818065,0.6045460067308631,-2.5963917504613563,0.8655382684107998,-2.0883062998815816,1.3562502139031463,-2.173676992356519,-2.5450667521772776,0.2513428868052995,0.5794136660569129,-2.196237321677384,1.5132915085277838
1,0.44673699273040446,0.9429535441667876,1.5727563313184538,1.5903749676855266,1.5277347871181706,1.2117466762622824,-2.632271372744791,1.4182186131658192,1.6890927762842909,-2.469784791482797,0.9274509404482822,-3.194039808274384,-3.021238339680018,-2.786488816614358
1,0.5455951388090035,4.140186792429047,-2.226341947145544,1.1668847128560476,-2.6565897568140953,-2.991540042099895,0.7401942868605071
1,0.0826459792703049,0.5846000489828007,-2.182061664295141,-2.2612656128264166,-2.322239916820144,0.888408646181943,1.2424744690322767,0.8592029280694822,0.46694424813697494,-2.3180842453920345,1.4349238959939654,1.767996244952711,1.330732863270119,-2.5218115244878843
1,0.37520705324907905,1.7908861419686013,-2.8068404626140095,2.63463616645279,-3.02541660719177,1.8218227856052736,1.6594090468475349,1.5739735552920595,1.3404391645612954,1.5557765766427747,-3.1713688544132204,-3.013046625880296,5.160951374335877,0.23825062676625633
1,0.14476240119809416,0.8870049944421045,0.6961641275630053,-2.523557758542367,4.470032724237667,-2.012241232342897,2.0293397768063492
1,2.41022251770088,2.387270750720385,1.9735387776767672,1.6740779591335235,-2.7596350123727493,-2.4077522407473246,-2.552416424900592,-3.231584423651923,-3.4481539760312656,-3.3750725515467352,-3.03610146386888,-2.8472340282551225,1.328401837376166,0.13980982231506597
1,1.4514138127152705,1.0154397220073925,4.014029472632744,-2.45496677409898,-2.4862471564260358,0.7468961635566486,-2.1460386759696997
1,0.3551811906006742,0.7028991062245205,4.244812051605434,-0.1860970872621901,-2.647722941380889,1.173957064106219,-2.467032979151517
1,-3.0134222397284436,-2.0590782075965195,-1.215026199277558,-1.5012563486070252,-2.130429602897645,1.2247304837963366,-2.3375883862685503
1,-2.2332278756883834,0.9466337009464579,1.2172951750405665,-2.3682250494768224,-2.5828650158500954,-2.85298698653498,-2.744907944918048
1,1.1555634285779675,-2.241732831246591,1.795618287475118,4.513835381198835,-1.997197442167376,-1.8864405970891858,2.097354186153751
1,1.194170300328329,0.2610995664438753,0.8037224234266008,4.750824670142717,-2.42426919255184,-2.6579844208320256,-2.616145426958483
1,-0.8314151320995289,-2.000716330257855,1.4362398090822965,0.34065102450685936,4.186588546475609,0.13343230822272437,-2.1417799485371227
1,3.532594109472705,-2.6685502833082233,-0.26090606319701426,0.21657334788035035,0.4566917342453028,0.7436307799673925,-2.043189748926894
