0,-1.7759828619422249,-1.935158882115016,0.03737324820947776,1.8394017428320317,2.0949122656313266,1.2541698547549405,0.4038499399154623,0.03410481601698523,-0.029450590315935325,-0.03246736482161845,-0.11642891163705482,-0.32476616971499955,-0.65770836085272,-1.060783758148643
0,0.23125513432712086,0.2202146936495154,0.21760390472233138,0.21734025641629875,0.21748087709890027,0.21756950611594358,0.2176101971755949,0.2176199948985024,0.21759597802324046,0.21753369607091005,0.21742623299780284,0.2170888732624194,0.21618250045834417,0.21396010990625272
0,-0.23408564584999156,-0.24808048743951747,-0.25837022551515787,-0.2431772374954957,-0.22279177412647144,-0.2120227561904505,-0.21930589186860247,-0.24137969038276919,-0.25370749766025535,-0.25257360813806323,-0.2557228958310564,-0.2577422024600331,-0.25066728490287904,-0.23926903190092605
0,0.648094990784402,-2.1605224909827556,1.992479476267663,-2.1758497458356394,0.48188328572176214,0.39006313355613986,0.3182082773567454
0,2.005018084703747,-0.7836095199029807,-0.2603824110426394,-0.7513579046142391,-0.6904185123466516,2.3589701733129442,-2.632960084168619
0,-1.045809174468002,-1.455879523740474,-1.4668932880883097,-1.0752590345145292,-0.6871158535550442,-0.6144135933923731,-0.7021076063586698
0,-0.5844656855531007,0.19936101880516643,0.9379174670606406,1.194167424016894,0.7791167448947626,-0.05142007553893361,-0.7578171531452709
0,-2.3277452434396686,-0.06374641722426351,0.24191649722614816,2.1088244972237895,-0.1272942256475578,2.0967992433413483,-0.10206369128235859
0,-0.12430925272455183,-2.8933836056371245,0.3185045279146607,-0.610250473380142,2.402222872234287,-0.6113622945551622,2.158128761157479
0,-0.37013243313340316,-0.36917709525786185,-0.3127516562767461,-0.18732447362458313,-0.019780677558287996,0.1293666220409089,0.17717164801719779,0.021340040997903608,-0.2417896950256765,-0.6222684414547327,-0.9248769593378247,-1.031637158187862,-0.9721448306418771,-0.8162984067996857
0,-0.20657446580490885,-0.21419836595334008,-0.21830462624649488,-0.22123564779525734,-0.22213625005797127,-0.2223753482520233,-0.22340022733042889,-1.1983950845954932,0.6388103079173493,0.6054557354249228,-0.21590550931889926,-0.21982276233307566,-0.21643276836085043,-0.21239100801373836
0,1.404138097821395,1.4986872089216232,1.2779617579037947,0.9772788363570353,0.5508038086846224,0.2823886550268986,0.04875243019478496,0.006043519693435127,-0.024095491338395624,-0.03166458199883482,-0.032916861911723945,-0.03298371398707754,-0.032956032828899993,-0.03294494197014739
0,-2.49074059193656,-2.4062827155190547,-1.0853312833858406,0.7480766087439736,1.5942139547093026,0.6418752030067368,-1.2818592768023929
0,-2.2498749280561494,0.5563119814728543,1.8340174722038458,1.2338707371829534,0.14309702635533392,0.15735254641801077,0.9604470861966657
0,0.048975302715151124,-1.2320248781527865,-1.1735082994534138,-0.18068251933072038,0.6566111479001954,0.8351626897432769,0.5906537005330181
0,-0.16747219666902047,-2.544513093065155,0.1494207162617397,-2.4546765181654004,-0.7122924311503587,2.2021037713825993,-0.2805686376663606
0,-2.9683788493805148,-1.0630628826070594,1.8281036585314354,0.5640537985205751,-1.1074585426625037,0.6622494799931176,2.323681311570567
0,0.6495461641494803,-1.0559578526645095,-0.8172747836451689,0.8384753412475786,1.396018813156367,0.12530963959636607,-0.7013317820645395
0,0.8381003724135856,-1.763336498861709,-1.514440777466706,0.5726129928308311,1.5340097809682847,0.4529720992736293,-0.9667730731460659
0,0.3153479566018134,0.30725532863815735,0.3049787775750087,0.30530081331015896,0.2551877675326692,0.3045766200945722,0.30458590839087324,0.30459088691421304,0.3051355062279527,0.3045958974297232,0.3045972949582976,0.3045959222061529,0.30459519532851337,0.3045893920052783
0,-0.0074006349910711354,-0.00633034204013389,0.005055580577981103,0.044666126991778285,0.13571944071338926,0.3219891148409371,0.6288566473137689,0.991990268251881,1.230622707675151,1.1253018104386407,0.5868556680105347,-0.17840158071292525,-0.6906026617555541,-0.39179435485175557
0,0.5660190624945814,0.5828592717088699,-0.16280525953024463,-0.9921004226834773,-1.24937602728278,-0.7793920577930111,-0.11068659624867096,0.34208579582495385,0.3190705115763863,0.019410223647313325,-0.33706192993414663,-0.638650021480427,-0.5252176415375596,-0.05414509672910233
0,0.28648597032286033,0.2826288776923463,0.27970405999673453,0.289548926026792,0.2791502921332402,0.27899037422230644,0.2648571398829976,0.2945060665866634,0.29384779870609934,0.27879940666998365,0.27893672101272365,0.2789538936033049,0.2790290396461147,0.2792075260522952
0,0.4168926553489452,-1.4666182351621064,-1.9339225818098695,-0.013625745949801213,2.0402395955421317,2.046462454127103,0.4193623743260374,-0.9362781246646027,-1.1293896132260417,-0.6891332719350521,-0.19636504901108226,0.10940085827196541,0.21926060666276231,0.2489832652573828
0,0.08385807419775954,0.13039160928040366,-0.5701656059550939,-1.5386756139883562,-2.088950571715039,-1.4384884596241287,0.8128614023645374,2.2216008066215776,1.659845135926267,-0.34071190952923525,-1.6455470060683146,-1.60371796006446,-0.7593743369551533,-0.5100257138819093
0,3.304678824173943,0.6116703281111144,-1.2913595101176807,2.0418846158147637,-2.480219846692892,0.37907403982583104,0.5929151434231551,0.568806315336355,0.5821979050686187,0.6139900610285645,0.5561537535565618,0.41462783548141324,0.31674523847527614,0.2637237979207973
0,0.047311838351590745,0.08807852180397491,0.20670952896232683,0.4235364850550915,0.7142485800863041,0.9763889572756472,1.1684481915323495,1.311262248645377,1.3956008592750884,1.2502337241492025,0.7294661059858019,0.039623609969932784,-0.37380357078738136,-0.42612564291389987
0,1.2554768432145142,-2.6415338812114793,-1.5561509017395263,0.33964005596787167,-0.121766806770643,-1.060273517228565,-0.8508676734529991,-0.43341050368386147,-0.6119381380260187,-0.7901570955527245,-0.5025228762056548,-0.198719659946957,-0.3246091170595252,-0.668109384958924
0,-0.27294901643104186,-0.2847072377364604,-2.4499700777159217,2.117684100715442,-0.280671032335913,-0.27882114487826537,-0.2769715473049567,-0.27428709140715446,-0.2719668135387992,2.1188221775633065,-0.2722529993755944,-0.2742471122473161,-0.2773434138837318,-0.476888203214007
0,-0.2519771673050479,-0.25199120093203264,-0.22307893695542097,-0.22355395551034712,-0.24657026544614724,-0.24621652836739913,-0.22156328399015623,-0.22142651470477814,-0.22187074516130462,-0.2454489516902332,-0.24522838984310336,-0.2416762270043471,-0.2169607682957841,-0.2179459831125928
0,1.7048956400754456,1.9508274016701734,1.3079907938745465,0.050650653912518655,-0.9723385369316172,-1.2152563755086347,-0.8398530177050756,-0.4642226024254974,-0.1206112277420596,-0.0028960005210159827,-0.010612583614467609,0.005565999879484391,-0.003511058723489655,-0.04785227949174338
0,0.2590837345529304,0.2832682680661404,0.2718108777778523,0.28020017297274125,0.253859497813663,0.22668016995098905,0.24925299007353902,0.2509573488182069,0.2515727531540042,0.25047994004294516,0.250405362901437,0.2500993807931253,0.2508214560559192,0.2502695082560203
0,2.544443680511626,2.386444294219015,1.1367565474343804,-0.8821310360765449,-2.623896793033355,-3.0720528859284686,-2.296302617966174,-1.1887827561953124,-0.4142369979401555,-0.0828474478443731,-0.0023087524590070106,8.864795226838668E-4,-0.0051412476763916136,-0.008419878425699585
0,1.6538082486433732,-0.1365810933393234,-1.0993878966948882,-0.9133349259893523,-0.3726216611992129,-0.3590771326133999,-0.7881467568517231,-1.0169635118668179,-0.776961084267139,-0.4425908209376628,-0.31674111167594143,-0.4572577321552843,-0.7023701457189628,-0.8177023375171574
0,-1.468377166874713,-0.1655941869489923,1.238566523134996,1.982724637555476,2.021380692573706,1.5586872978978883,0.9946684095579313
0,-2.5726699881653796,2.3279756067036605,-0.7857988667220397,-0.21554851478302,-0.4051103879859529,2.3089178598797457,-0.15970490663142112
0,0.5618228503651748,-2.9297965129545074,0.21900159770710603,2.5901507639707644,-0.5016013671774032,2.639299512947371,-1.1907238770989186
0,-0.8291579711440193,-0.17553601911960146,0.6797759574569326,1.4056851383536897,1.613151593131251,1.0412651606096046,-0.05173067947528732
0,-0.10763299662390056,0.6787816855326592,1.069679539863751,0.4177427440544012,-0.9807367634092392,-1.9739337868783997,-1.8600854456464537
0,1.750866975435996,0.399556319132195,-0.8565952965776183,-1.2915914963034274,-0.9792662532322307,-0.5451583469118424,-0.4787244260734995
0,-0.6125237913674386,-0.2640877286728598,0.38397342682245406,0.7383197905039196,0.7932338346419746,1.3573491394454942,2.6460248558177133
0,2.165783834525836,-0.5676172892243113,-0.9040595032016779,-0.008123271502511272,0.5206638797640804,-2.120616250610477,-2.5323655314636557
0,-1.75652116254455,-2.7311020422129397,-0.819119190573502,0.15930122229901436,0.6952670313224266,-0.07868644443049762,1.3044636485358345
0,1.6919244486155953,0.013627274374616928,2.258434555888355,-0.2791608416029944,-2.425393471781622,0.2785770527891825,-1.5543787617834217
0,0.022768071704827527,-2.4586971158974302,0.1826269273558627,-0.19313912948669693,-0.7184414853547881,-0.8352843084690722,-0.5250348953596438,-0.33087631158134967,2.183420554119934,-0.5786514098677736,-0.44314700708739163,-0.26825047343413266,-0.3205787712572131,-0.1513140942304995
0,-1.3177164755876887,-0.8848618139930297,-0.010332158005010753,0.479819983966752,0.6519462339800329,0.5979532789861922,0.3106846507706328,-0.05788180006707378,2.4790997302559394,2.775349080013954,2.663487234001322,-0.2846397230914407,-1.407770821570464,-1.6342243731308659
0,-0.07801516229526625,0.24326493152508108,-0.3114790769421392,-0.8102909969520318,-0.7841076253731749,-0.3149574009686456,1.9749585948792008,1.9659675022220864,1.8593792173069772,-0.7878154564151044,-0.7793548127303676,0.015865322600224233,0.1028325532348405,-0.6863618254956285
0,-0.07453335477788278,-0.08157277631333071,0.05068622263297976,0.3286966718086024,0.01316983720875848,2.1484679797873705,-0.17627420959893025,0.44929648856044674,2.4866185341064426,0.344543295699653,-0.0566498235235868,-0.1167405156881085,-0.1326208615243777,-0.9350504063751681
0,0.5417219002790506,-0.1345801027524571,-0.5317242187411201,2.11064268834084,0.24840200101627816,0.43304159947935056,2.2866681944941836,0.25790293051602575,-0.03826327325920823,-0.22191366845212457,-0.03487462244807991,-0.14024127516889318,-0.7045247734257909,-0.7708905807544358
0,-0.0032692646066012155,0.18542298854258288,-0.44612562277594037,-2.6993621043000187,-0.8058378701055192,-0.5041218885103773,-0.14971083281085476,2.0205684589826545,-0.0698155289479456,0.6140435294318761,0.47991931985665714,-0.5513586935400719,-0.820990676158237,0.36717452099437276
0,-1.1785567862516853,-0.6762172279338847,-0.6734537010242391,-0.975871448787598,2.2278353155416997,-1.1076673078708177,2.1979271988858993,-1.0779365563886822,-0.506174887042397,0.3332346991026922,-0.3314799638356635,-0.2842741688373243,0.5560092314270674,0.0833389056110888
0,-0.7597964771924374,-0.6057169171244298,-3.7948636624540826,3.251960804697452,-1.216880045598325,3.3711364130110946,-1.0681270847356505,-0.2127587239355277,1.0622468797815268,0.38541657902736426,-1.4738990774663074,-1.9864922690451474,-1.76411503837325,-1.0557402661442692
0,-0.16815930323450912,0.7317011170946949,0.3117731198132854,-2.764459658167037,-0.6150013287803556,-0.3766132892543653,-0.5809979709859507,-0.8611373882714104,1.8573614074097284,2.0203970240507796,-0.286201959543099,0.04629246404936804,-0.2464462767101727,-0.06583754719421157
0,-1.7209678259380519,-1.7979076652446346,-1.7905985113306169,-1.6465806914193273,-1.2483565890261556,-0.6932738621383451,-0.22498609607635295,3.259016182467914,-0.6922662666628903,-1.1898833474367925,-0.5728038697527207,0.019283425888599506,-3.273372228601621,0.9347042359254777
0,-0.6339058968582238,-0.9913448399929284,2.7116783472642325,-3.371615209524951,2.694909117975909,-1.2705015308249072,-0.963498304771662,-0.7109473980054322,-0.9028321018246066,-1.1250485022427024,-0.9860509444760662,-0.37504014637142336,-0.20468998772343885,-1.3663675814296186
0,-0.5498274767541994,1.8792432532949617,-2.602935338497602,1.9192135857711512,-0.6403066626736769,-0.22117104353590142,0.12308314079421277,-0.5351747775631703,-1.0632135273502858,-0.9513613758352977,-0.45623096240672667,-0.5876193864382523,-0.9060266813901192,0.03842835587269669
0,-1.9298059673581165,0.2264722601787716,-2.539923030575447,0.292513860779414,0.10782230237786407,-0.5416964248418434,-0.8362591534423682,-0.4382176538799151,0.44029427236752827,0.4537962323892199,-0.10984703603781622,-0.568114532673786,-0.4220932676862541,-0.003284235043274753
0,-2.593206725616569,-0.715505968527577,0.22257513627895875,2.2025765710615404,0.05997771230260876,0.46617090269147743,0.689828359283316,2.170035239297307,-0.7427921540930942,-0.8301814533874746,-0.28012887253101304,0.06265782104980668,-0.29367830616265184,-0.7057358917454151
0,-0.815940752495705,0.5920718674733488,-2.692913383066485,-0.11512956438762162,-0.48964563286382595,-0.2600383406782338,-0.21907577617487417,2.892901954859508,2.8638270475509087,-0.2761091514972531,0.011350120251713954,0.22494965847824913,0.20948469946929374,-0.5069965751175092
0,-0.23969241921455264,0.28685332560647214,-0.18751135488456386,-0.9854841904985872,-1.1900252502393323,-1.1423782236415436,2.278290793335496,-1.1779345644722328,-0.7022825833391022,0.32759109940571923,0.37953728208949017,-0.18245194682078714,-0.4919437594958057,-2.894511042880353
0,0.7485068141994689,0.8743382991416296,-0.12389430427984388,0.33505760698199877,0.5433497759052429,-0.8563541302335929,2.8233708436195295,-1.0480568856604293,3.150369302297874,3.185475652409691,-0.8408913817702679,-0.15426303409952,0.5956433354428443,1.2352296057861025
0,-1.3657795964542454,-0.9685411188365731,-0.6499121189449157,2.07423922247727,-0.7700674522921446,-2.535279568966008,-0.2664734579916913,2.203606839920004,-0.19760417242231554,0.2732114659394002,0.7157956427477916,0.6558822957333978,-0.11572043414304163,-1.0317954720993232
0,-2.35736396232854,0.14643197654616233,0.3731061107782629,-2.2840067997193825,0.6040080683433665,0.37573391002794276,-0.5079363328110658,-0.693603264469359,-0.37737437824436076,0.12371227581783642,0.39061654025690223,0.5496572068380907,0.6118761136374612,0.3603754276266465
0,0.4909022131633456,0.6993845111683582,-2.1022092927866205,0.24390630228327206,0.15239584859740762,0.0980726584597352,0.022428039278272808,-0.2978675914285346,1.9548631036024045,1.8718785164771208,-0.5683960023164015,-0.22133096358379964,0.2909377445766536,0.8332719222625848
0,-0.8261830023078144,-0.8963198756019739,-0.15397885918191956,0.20457927794398298,2.031407971284572,-0.4374083744206139,-0.24805403240985782,0.15604022630006548,-2.443289128011187,-0.8115742561455568,1.9200768509954274,-0.6709393203439109,-0.8106709696745366,-0.7463543684966534
0,-0.6731558430800731,-0.5040457516441362,1.8585289979895048,-0.7902936436057387,1.7777461603203615,-0.5407596094233059,0.25220959770543105,0.48497346633526456,-2.171264967589343,0.8835732922511701,0.7666582755892603,0.024073403603148875,-0.5987323434028385,-0.205269413648891
0,2.5186973581079406,2.4738692430897835,2.2531337247362133,-0.18943343225803336,0.2757171740266549,-0.07268470976101407,-0.6318541960769901,-0.9108104103070594,-0.8925791382729203,-0.598183211992391,0.11416312776331454,0.43360531818151876,-0.11049975841147203,-0.14952082408032435
0,-0.16999319311855854,-0.32783272780078404,-0.3641491478419433,-0.17925082647792676,-0.2669651198383292,2.611071490330772,-0.5484047493039101,2.538076379941539,-0.5224971671573493,-2.831466960325902,-0.3948609224696499,-0.48691571319847515,-0.48684779899385305,-0.33776280629893873
0,-0.9047775391692884,-0.6150701319766164,-0.03464201370012186,2.335198416406349,-0.2997343459081813,2.190920590843836,-0.42519738198573476,-0.48982466969668703,-0.5235081132085143,-2.4861449036998304,-0.22342561193809457,-0.6021800136626867,-0.45850572075332247,0.6135660551732356
0,-0.7683566523997855,-0.492173817843184,2.1890554830808444,-2.3932495039071937,0.22279054087225933,2.2528654861314807,0.46328582774624105,0.6097209436805069,0.2548599756728895,-0.13346767533856768,-0.12067176657963116,0.24388350071824308,0.41368956503635423,0.6252602713048572
0,-0.523276043430449,-1.2798106258228648,1.7049126998266937,-0.9415508255948225,0.06810033992009225,0.4478800357098825,0.29394391196638575,0.2283069168564123,-0.16452501177640505,-0.6973512118104346,-0.3510868591703231,1.0158729229263495,2.721588731183248,0.7828435269923126
0,0.46959830727125973,0.07218010946163891,2.0607478112603803,-0.41267616507477156,-0.2808786031072303,2.102687761599499,-0.12178946437915036,-0.33903330408336374,-0.13723050706042972,-2.3934114724997864,0.3451725812710032,0.27357568560931195,-0.6444671855893972,-0.9992164813874453
0,-2.5906145132300002,2.2075311848594183,-0.001378904979872786,-0.8849468840676408,-1.320823215802504,-0.7932828455973134,0.10374144580261299,0.16951274814319542,-0.1992068760511836,-0.07829536934391444,-0.489296711695448,-1.267991278797411,-1.1677098900651635,2.208717734589975
0,-2.0995483223994396,2.2711579464508724,-0.19080115831488953,-0.592118129049676,-0.4683719504589591,-0.3889268524995205,-0.6336178584409726,-0.6707875952874578,-0.10021803544339328,2.338725121759709,0.5543036602811342,0.1898810907928155,-0.14304585854429325,0.144331271560207
0,-1.2546993020783572,-0.3502920117081207,-0.09101003199406685,-2.4164473876902,0.17843762909433297,-0.06596989882282654,-0.6006596885603098,1.8263226967384683,-0.7549908745217768,1.967340462052634,0.03371806511772943,0.2881121023480986,-0.10213591507520244,-0.0989126811186251
0,0.3837396074685472,-0.4667136271661081,-0.7803747756228675,-0.9083677998968239,-0.6921727659702532,-0.08735192766896445,2.2205823521090764,2.150659192846289,-0.17011544937325543,-2.395883764362402,-0.521943580654775,-0.1800496096639493,0.040558900921718426,-0.6520784068690593
0,-0.5640093482981204,-0.6212839633623901,0.03350274480253045,0.4134334238612823,2.340660183829288,2.1890227480892386,-0.25231644523304214,-0.5323252034912489,-0.443638439170993,-2.271367312933657,0.08463267770954375,-0.4488928839276774,-0.990083926638503,-0.06595350764788885
0,0.10086711691217463,-0.15442626687774008,-0.15780855598810845,2.246467256708415,0.17668240702303487,-2.5525447751615773,-1.2371488033644402,-0.7571376176887128,2.1152180697154432,-0.28120563210960997,-0.6237314817119162,-0.243378539543674,0.4734495974022007,0.3618361110386706
0,0.45979704161456786,2.0161732691046024,1.7420950296130968,1.790318188844006,-0.3110185426809664,0.07037644351489018,0.07367042914348379,-0.48014416802248355,-0.9273936742405154,-0.6205372526121075,-0.17861068932052418,-0.7364026114003103,-1.1224338308794988,-0.31669093754225847
0,1.9779255518168335,1.9691751574268537,-0.6222825077285492,-0.35105626734577616,0.23121926911554597,0.5693589868110339,0.4351373337506206,-2.5209830929587858,-0.7929461673445588,-0.6762827090425468,-0.0198701985555735,-0.05921366007913266,-0.6098480092970271,-0.3523617575069628
0,-2.3752208059320314,-1.9244811524965373,-0.01362772578954348,-1.1419253591495417,1.3643783042664446,1.7624750550842843,0.06051656190754295,-0.09543923489811613,-0.6044122132988831,-0.3683351451244389,0.09184175133704006,-0.19332945576261662,-0.8343805277369605,-1.190528209598769
0,-0.6265427797839427,-2.5480416268614547,2.1579906909711952,2.0650230477229954,-0.3636520007722159,0.2816633941874021,2.4780561083417276,0.171343710640423,-0.7913221321522409,-0.5605643397646772,0.2830960876268303,0.3218852759446647,-0.22436373914996105,-0.11111868003021579
0,-0.5605145596039093,-0.5924210697810048,-0.8402470323197254,-1.0088371910983933,-0.8051834537934034,1.9831383051402731,-0.2322833106631056,2.0941739711483756,-2.518796811369983,-0.44693843820455015,-0.4372010847288006,-0.03798315618543169,0.030107342023886843,-0.6370513852507048
0,-0.17449560812178644,-0.7986901955841605,2.007186504541178,-0.2530490099217028,-0.2298134667253257,-0.3918521882179442,-0.5907989764595544,-0.7008514771572214,2.0317274581146805,-2.4208642858400866,-0.48711460870327367,-0.6677464468670958,-0.4533472193160616,0.3252525132053225
0,0.8707222939611982,2.3651293878257533,0.4037925605178827,2.4847742555411316,0.4910356680270442,-0.3191671185507067,-0.9887909608096772,-1.289443309874471,-1.3237423681237972,-1.0190624857998631,-2.456874751968725,-0.06740818678235307,0.17106824576611585,0.03545244253515506
0,1.9259382998662657,-2.4516392754850473,-0.047506967664620994,-0.05455537702456844,-0.13013494840676432,-0.02948822442535433,-0.27477904632346195,-0.8141158973168562,-1.1303819610228507,-0.8609959858928691,2.153866781549706,0.41227122430485785,-0.026503845375466437,-1.498865437800081
0,3.1554394483245596,-3.3654868288822817,0.4738016935366792,0.47729201314950254,-0.27978094458063,-1.1733417690020962,3.081829791853352,-1.4517888609332918,-1.13499203391667,-0.3673687028907256,-0.23726846622101744,-0.48308835630551766,-1.127059693873856,-1.4514231841683416
0,0.42113887895883634,0.6616672806081781,1.0871644183792737,0.7620648911095177,2.4504696684886667,0.7977029768474323,-0.16255957390850953,-2.6357501071058036,-2.6249003040509162,0.11257977423498801,0.7909394537621709,0.7111537013308409,-0.06912844229790632,-0.3188131982899719
0,-0.098348867004198,-0.5026346088788586,-6.212828932212205E-4,0.17036058181237143,2.169029552054704,2.035153940727351,-0.32122758691697845,-2.369393265698658,0.08206734488323224,-0.7399503604111213,-0.9944332088975837,0.06804834398928429,0.703030865635695,-0.501968777194645
0,0.040193284582825055,-0.20676237276781362,-0.15443192397860844,2.146554262018478,-0.4625936062602285,-2.512496278690389,2.0827970604293498,-0.7168846986007189,-0.8375437153865135,-0.6843632188195159,-0.2738739706433742,0.04233510523459755,-0.0964464598186415,-0.2621147390740929
0,0.4142096865363734,0.23098885634566066,-0.5776948331085214,1.8224389809083197,-0.7591379734328905,0.28130262991681326,0.44428012265700073,0.1502089368679655,0.29043951625619907,2.6116283822707613,2.7919801706269927,0.686865189804008,-0.013165177271116062,-0.0498592649624153
0,-0.07117051409940359,0.29639129620879795,-0.39811420645242057,1.7515679839190632,-0.69209544438599,1.974681628554942,-2.429316728757982,0.055821358168544596,0.29605679798447554,0.3244499974983018,-0.08651975844106803,-0.39159157935007144,0.015100829946544695,0.4237214728446356
0,0.2214187889533093,-0.2481181447550153,2.1601262100451324,0.004885956280869172,2.3409753744456516,0.7186978207549191,0.8869130315639715,-2.0892784231289836,0.6350145173838392,0.4574635782422997,0.057941382609111976,-0.19673557393349692,0.23391499768073404,0.9604628210631326
0,-1.0998696678570352,-1.3856444094551232,3.613858101860662,-1.1352291216406747,3.6823669415737403,-1.1216682534348394,-0.524034427783649,0.7023745631752242,0.6521511245859556,0.12590156221119228,-3.7500330225304532,-0.6138050690023487,-1.002786464615899,0.7863388210807597
0,0.27058913881040286,-0.26739792687689523,2.1145590283879803,2.292032803124515,0.35431418062912784,0.01920831693551692,-0.22087313850211526,-0.3538392644172706,-2.467148108741888,0.28115630767609245,0.623318159749904,-0.37408741156388853,-1.4645417360515156,-1.1213546265670284
0,0.4021044585949645,0.08224375086133823,4.62005960468599,-0.200194756138331,-0.22373175210836213,-0.13552602487433166,-0.21990962280952828,-0.500579782171199,-0.8303411085318375,-0.9660544398379033,-0.5463865144400377,0.56920627791239,0.9349897986978576,0.7976160173192619
0,-1.0080153910745981,1.9194262550876244,-2.521647005494619,-0.7096057822972873,-0.33873857463915696,2.1280500601320615,0.22574048869109448,0.20227878113696102,0.12365140381114266,0.5974808487034494,0.9050144451819634,0.5458959533327572,-0.679038595062418,-1.0983876823356482
0,0.35204924572725776,2.4975939346419924,0.47247268219851446,-2.480311250232692,0.6952391196596245,2.485783724540364,0.25402495576017187,0.08474662858917882,0.17999821636694358,-0.10703785039873347,-0.48696795725051745,-0.39515535138425995,-0.44112274531290846,-1.0741894432766699
0,-0.37409359899058914,2.18696835933065,-0.33283536213571996,-0.9150394976215667,-0.9483874311236458,-0.7680630245964177,-0.6235042260616224,1.8240661194846524,1.8150512053198402,-0.6138918562755844,-0.4436643530808692,-0.06483248930517245,-0.15703155448740955,-0.20507144169354333
0,1.6843979115665149,-2.3376903500766737,-2.1581615176741513,-0.25180096762505355,-0.9465314227369057,-0.7138472259842058,2.015050211954826,-0.06844058938835385,-0.013881777198118924,0.3226835343687352,0.387647433181524,-0.1349776206231464,-0.6827125216499216,-0.6833337857382626
0,1.9734907696133823,-0.149656581191966,-2.3249443376900842,-0.27962019202696653,-0.6203379363464528,-0.733986166933785,-0.6879527481732286,-0.92844714438236,-1.2002284919571424,-0.9859262838197106,2.124052887865151,0.0758640214739421,0.10133712099998428,-0.14588505444324196
0,2.6295339131376467,-0.052121086072515685,-0.9322015653934312,-1.0961043076551547,-1.3091113183819045,-1.643819145171843,-1.5481286239571381,-0.7328889703117597,0.3250569673779262,0.3898710587179559,-0.2965834497560447,1.954371261123872,1.6060539394741993,-1.8021201007608898
0,1.9447717104830105,-0.3413226198868037,2.1566289162473224,-0.7588836246101126,-2.527801808053196,0.5671578391305899,0.6736284682971744,0.3055864552687714,-0.04197677648720649,0.07505463817404585,0.07911503806974454,-0.3843349427997885,-0.5583383022961341,-0.45548281691878756
0,2.1960320547910284,-0.3865531484771454,1.595242820485307,-0.7933963580062052,0.4042156181126274,2.3276271445541714,0.581894772996253,-0.18539988030379184,-0.7073973660589009,-0.6631242116671325,-0.2837199866063037,-0.24253332624668258,-0.8201152220371254,-1.4145857827515793
0,-2.4826910012688232,2.1970196831400406,1.8885232124853553,-0.8991809302150415,-0.7235411613619663,-0.1546932070423613,0.15652865845630493,-0.13203826885864958,-0.8359878668760747,-0.8635174637029291,2.182895453450773,-0.18340259132000916,0.24745626905990578,-0.14134086906097398
0,-0.6785810247115113,-2.4097488984816082,2.6309435205212317,2.4240323099064103,-0.6102849546614385,-0.25156797524008423,0.6839470865457498,2.3958709089905543,-0.49071265021475374,-0.029649312090902113,0.27669302008568897,0.09766429243030265,-0.678886804389186,-1.5955515636739415
0,-0.5113755791468783,0.2028492718046256,0.6434151299261405,-0.05303954897703873,-0.3221689130470579,-2.575919189508779,-2.347334394190278,0.5517564912374893,1.7984426618177587,1.4751865886858697,-0.852171996752964,0.05707866754062087,-0.2857785712480947,-1.420982393454252
0,-0.19898311140535835,-0.49357277881215944,-0.5756958057385952,2.0261587021120797,-0.10728634965528844,-0.7777261209752987,-2.5729991017986342,-1.0419899994833544,2.0141647886787855,0.5487313586589984,0.32027557487491776,-0.46379904056178395,-1.0855908529345641,-1.3278433650028025
0,-0.11799767603659429,-0.8890694291918699,-0.8422938683558884,1.9918579499586202,-0.062390600463770894,0.13948668518867482,-0.12322141523285496,-0.3882781207064997,-0.5597618211775734,-0.4266014047758819,-0.08130899168028677,2.198589983736485,0.8556923200507641,0.6039700851600066
0,-0.270635897452851,-1.06775439170897,2.3713984898216203,2.5605101443452,-0.32029041241952955,0.3219091470624232,0.43447987701749147,0.7311582154766073,0.6175853100982021,0.24822574495127228,-3.0046449914316002,-0.30528868418504185,-0.9541394183352454,-0.34057018903135855
0,-0.5363732608229841,2.2825988739028125,-2.6277214557151893,-2.671435397813085,-0.06953950077403391,-0.3456995007922414,2.1236560572960372,-0.4071698879121021,0.3478636899148478,0.5501533510795976,-0.34611789749072014,-1.2670177237194322,-0.7432683820272886,1.1693254478556487
0,2.098291460952424,2.2116165907421514,-0.26355663653315753,0.1690543033714854,-0.011272732144168983,-0.48531156911198214,-0.821525611700092,-0.41673173452354245,0.21908986759740523,-0.06619639420587758,-2.7097877369844676,-0.8694946788381717,0.03587637719422297,0.7975039075373177
0,2.1426385602536735,2.1266114157757277,0.014692598967971789,0.011417829428353742,0.30275185764196083,-0.03025424027838044,-0.7576845273066475,-0.8343737535104124,-0.5320692281505821,-0.3336745949508486,-0.45647432328203236,-0.9772107660327649,-1.5971818402621403,-2.856050852190405
0,-1.5898208240289362,0.350314051529921,0.04203323468382088,-0.34552538276277817,-0.27944075723458295,-0.24452905887119372,-0.31526736809639727,1.860709087090157,-0.9911934442983231,-0.7575637508678125,1.9929538213773472,2.276408763492174,0.368896689678817,-0.6804407063900321
0,-2.169899743552914,-0.028479986912904258,-0.3950651181467436,2.121547151017681,1.9831327852472465,2.0983556625120436,0.23837049954274278,1.1539933853419344,0.8897036174385916,0.1780581906226476,-0.18411837957234578,0.5556041126423334,1.0522949141855762,0.5819040451362533
0,-2.304777435217352,-0.14055045837723482,2.2776172720884444,-3.0700729223049614,2.322508337175561,-0.5972366344555721,0.29363271628396753,0.7002126444203753,0.7605850303710403,0.8173661114410796,0.5547756723050201,0.13480279146919502,-0.6923418012466308,0.28936721340259286
0,-1.925126766272011,2.2394982406646684,2.117274105081211,-0.13484760731321027,-2.2579331995906697,0.044830655499163735,0.38095712974274065,0.41099206106255404,0.1722654869328166,0.06421733754481994,0.21789086732672944,0.17433892649381158,0.5509055269319103,0.6863068082023814
0,-0.4509033344361446,-0.10130572831784675,-0.521334077527598,-0.6742013655311264,-0.6390496123281906,-0.8372554670221782,-2.4631762856636823,-0.6533336131824576,2.0749908331352946,0.0481755711082292,-0.5328189846892865,1.7050390883109543,-0.5607075193078375,-0.4277818041841673
0,0.27789541310462684,-0.9822220492236257,-1.3361415405163324,-0.8462750673569895,0.16893767005649218,0.3676739529633583,2.1305543919793544,-0.2418418047803841,-0.062394001178649725,-0.2486289001270013,-0.6115245596935565,1.8925630244309921,1.8674525509094086,-0.614808755476243
0,-0.5826875170538515,0.4729966072105438,0.1538030817174812,-0.6423025125737633,-0.7284608704580343,-0.7288065325142942,1.8073444558039682,-0.4133398149557802,0.08288438172522399,2.079146105619807,-0.1512901389670213,-0.7499011613104594,-1.0219567886419225,-2.6207699299426057
0,-0.44609176405370304,-1.6099168961326662,-1.4577996767810537,-0.45765176855933715,-0.8475855917485667,-1.1469326700384217,2.306529978983175,2.4142761418253422,-0.755845827288993,-0.45618590050853025,0.2816795673065289,-0.40410512361186496,-3.2727904227770854,0.16917345002787973
0,0.06624388480672792,-0.35931811852233,-0.17911844316301792,0.3744158200000878,-0.04896079140335851,1.8279212167816663,-0.77354321505496,-0.19004731633965297,0.2706443029401761,-2.0815400452417414,-0.13298628425034065,0.0878874895815135,0.72899234169054,2.3005224976106393
0,-0.13814786863072478,0.9355558410555974,0.6566372232155239,2.2146994361913834,-0.2540376441268466,0.251647327037844,0.1744370820289777,-0.08203777380064124,0.12233682972701172,0.17324266656277565,-0.4493501405234132,1.9700173069648124,2.016848789848512,-0.522253443946834
0,0.04130630231108438,-1.0405148586124318,3.267355224005748,-3.414400025321342,0.44667577798489216,-0.26736698748926285,-1.6607524135903138,3.034159034082357,-3.5282931804289444,-0.6479087331060361,-0.5294703477461423,-0.7215776769474249,-0.02446968860923322,-0.23540337337705822
0,-1.3765163667278697,3.0072037382494985,-0.23122309296590654,-0.5816748366546742,-3.216481252283933,-1.0289516614699705,-0.7933976750560915,-0.19477622270266565,0.3417759425444051,3.035129616812042,-0.7728863237208136,-1.2966169303025523,-1.191004238841105,-1.1155550765979074
0,0.4079611000793476,1.9925422054248763,-0.22651264548704195,2.1182810398256993,2.1980127609262388,-2.318788888760582,0.0585745311935337,0.5331484852590398,0.7718143876473397,0.3779361489194885,-0.4779878634172073,-0.6247025167635276,-0.1360978674147723,0.6801462603854516
0,2.4601742949031236,-1.801753128649914,-1.7115360460615359,0.33773131649397214,0.06355470421039365,-0.4137435363558203,-0.4826699357150703,-0.4036535424334136,2.008997469830768,-0.29607193795446796,1.8438965739157247,-0.28315140377507153,0.3626994199918891,0.015806175272322958
0,2.5307981028257367,-0.5678724120714187,-0.58887780350457,0.10991362844517119,0.24882445278315735,-0.6600842945450229,-1.3581013096556505,-1.029393991643006,-2.4578512163755524,0.6589500236591287,2.2778164187121432,0.3387931371858255,0.4170770581791448,-0.36861657977290646
0,2.239389593073438,-0.005194458607130117,0.8152062595790179,0.5004047476540131,-0.08661133677122188,-0.17729011351769675,0.598573092624142,0.8480103801950192,0.3999625521403627,-0.5546424042685463,-0.4060171329512466,0.653296278564263,0.9161364877448981,-2.0956175146028273
0,1.1152622844003406,-0.7021500057433641,0.4063874092915224,0.035528891095642445,-0.7063371234858684,-0.6597985488594327,-0.16453279887748637,0.1234838852910426,2.180100187572135,-0.17510882385893572,2.178009336775164,-0.0052199589125542945,-0.41870327403742924,-1.3721348282140071
0,-2.6225935288517057,-2.2515921626608386,0.1040854666637117,-0.45334887708829325,2.3971026513432467,2.776218427857678,2.8922973303156785,0.39733566535076204,0.28784513918742904,-0.48533361590634533,-0.9977311968281375,-1.0044082082464434,-0.17123700276767778,0.7206512181748114
0,-0.03746163955033444,0.7255228161756428,-2.5169145149395695,0.7062639809303792,0.03921270040623825,-3.0686263098980513,-1.4088756735464212,2.408381468742195,-0.7032473084868783,-0.45275890307178346,0.20157527133101666,0.27473506030797,-0.12192230351457253,-1.0229054767263155
0,-1.1376098382653759,-0.3802575443888008,0.13159220215089334,0.17057991499216588,0.022430275631338207,-2.6384611518643406,-0.09160268308526232,2.3548569573661657,2.3089308172368983,2.2155496814485014,-0.4955479294654111,-0.011149292411271921,0.14674057011141609,-0.8817508708427301
0,-1.0673735842321923,0.1979342308692509,0.7163508971962238,0.6378069866255086,0.07344440464472111,-0.3419249939792041,-0.516590360371216,-0.47882868129638034,-0.6172869228820492,1.6486515155557773,1.2024322925744249,1.3495527664556348,2.119293912146211,-1.9448687682358867
0,0.783415706969898,1.3488743756320072,0.9211582985222722,0.16251869874272462,0.017457400160303286,-0.27618577472023736,-1.001945912202305,-0.9142019656972861,2.7383232888469666,-0.16369301237902406,-0.6400933630035281,2.619787516171566,0.8710883502820778,-2.62181693007654
0,0.0963244284119882,-0.7129797009918453,-1.1291338727679852,-0.8677369638066172,-0.3565877637592322,-0.1556900579446898,2.3072182816267133,0.021273622223672704,-2.6347852793249937,2.2342907164837666,2.1915030613994047,-0.4001648716403562,0.1378686143686363,-0.6281375045796271
0,0.9676011693992996,0.3371899225753757,0.5359685707603596,0.8248573566947567,-0.8088449723550959,-1.1705731622447206,2.5645651737447204,-0.4525813041461553,-0.17192276267702558,0.12227029292743723,-3.136176325987883,0.6282145506966759,0.855991097168234,-2.8413421233139537
0,-0.2757536086369158,-0.15738048693138926,-0.11249909053516952,0.11825422416795438,-0.005139140770185605,2.227213153859095,-0.448781079846169,-0.7592548424262523,-0.8631755770733145,2.060385280004567,-0.09335804627574479,0.25927406950738724,-2.494158335412758,0.29572647396318236
0,0.9255181999094342,0.8634344840846798,0.27760730263492794,-0.04684840800570717,0.27805398081042415,2.0552415479511814,1.9537464204603168,-0.14700180634114135,0.2705340492051238,0.09808336599368293,-0.002806704429683069,-0.18604121307746316,-0.4729783193852524,-2.4688655284922025
0,0.32396357420879734,-0.280910555882492,1.9568728840052751,-2.397437331583685,-0.27619586827881454,-0.46630327736902655,-0.7643087593472135,-0.62909914682591,-0.1605044431777678,-0.26609465162310963,-0.4757145482679647,-0.5103799194581099,-0.4381662493098718,-2.5597982589293564
0,-0.16693953044794388,-0.2554687076337593,1.992480938954226,-0.09090905084462607,-0.520500741374992,-2.0739439041164447,-1.9218546262738971,0.16871483571221715,1.943043392067052,-0.8584042111342384,-0.9951169713406579,-0.9175442127812331,-0.006777564064877233,0.6568579843068862
0,0.4181868711206935,0.07824276190137525,2.068823886678448,0.8632440781880465,0.5795215929520516,0.31474184154534773,0.5807637393259529,2.1220239319420253,0.7582225714864799,-2.186704678505756,1.911193155652038,0.4546145328201492,0.29712331758049304,0.2501381251462351
0,1.8507658488874081,-2.217073973035224,3.680337439115561,3.251497657427508,3.564802355582005,-4.608188374165676,-0.1340308599030518,1.5398017081088822,1.641025138017469,-0.7942391060145046,-0.9303497629079537,-1.7036188114547937,-1.8002184531041021,-2.150996458244276
0,-3.610420116226808,-3.012229833802239,2.2181592722122816,0.2616431276236266,2.027974378353632,2.01567511889845,2.1650533605155773,-0.3707952178946252,-0.6765685634083894,-0.88238747945028,-0.8721306730585066,-0.9587595053725485,-1.250693764819212,-1.3468548150558755
0,-2.8846485008744427,-0.2398211744756468,-0.06396427883346024,0.1394718428801708,0.19210328030130694,0.09077532110598822,0.2680968693878745,0.5028966593727294,0.5020928223232287,-0.28700086410239833,1.9895565949029845,1.707958361892514,1.734196268721006,-0.948439370935746
0,-2.1697526795235342,2.0525387092735943,0.17369265771471362,2.1121686154176893,-2.2005588371612155,-0.2587081642867758,-0.3448390421649785,-0.1579111202925729,0.16436429557745877,0.18705879151127722,0.05004260583853042,-0.11554355199280483,0.3188955399655094,0.5509931713098576
0,-0.04897543996426168,-2.847363353806775,-0.11505999982601953,0.2441733383605355,-2.5341922085986694,2.5191657678979977,0.6822287506272965
0,0.6005169693941593,0.11490100677184385,-0.23658922881922878,0.047640415828350886,-1.8664691613179587,-1.9376526291657752,-0.015508053868143402,1.9875141083985237,-0.2402657249053789,-1.1355210503613318,-1.0821215386053835,0.3352948826739145,2.427204125894565,0.9960552042273535
0,-0.4660408755671056,-0.5187851139383892,-0.380995099053715,-0.5399255404885235,-1.2247744428556988,-3.539287303059768,3.0299587297742145,-1.815234742706858,-3.4879809977043372,3.1256188697460106,-1.3249584884499674,-0.7451355265262452,-0.13082336105898668,-1.541854822491085
0,0.6798326089331138,-0.3947602197154387,-0.7387457349883088,-0.7766942330395291,-0.8147573624551578,-0.7561326109153786,-2.213578456582759,0.13318923715097736,2.2485725627985444,0.5914128300747434,2.212852752471385,1.9063361753992265,-0.10807934704423097,-0.38477817710263174
0,0.5206780313217144,0.9781763224043659,0.7730726359829515,0.3234838773704267,-0.1768855647927845,-0.23430814872157155,0.28472801007686815,0.5673165329956288,-2.3571888909241028,2.2680972891487907,-0.48677319169996025,2.3424989704776946,1.3678502431802073,-1.865866420041592
0,-0.1708144542883238,-0.12137367138290717,-0.10996511509907078,0.023937686214170695,0.005219349362132809,-0.13498344631121076,0.09206190671047443,0.4526816632280042,-2.079273578086598,1.8358090085877559,-0.5407503677752992,2.2577632512682766,2.71664836775224,0.933774058306546
0,-0.7681251235573191,0.3092486537907226,0.07643300246670956,-0.8429636815386228,-0.8320537175995788,-0.2871181400931171,0.6510220362631962,0.8448801440081615,0.6818385008746229,0.1338642077476622,-2.6065057033096504,-0.09390842165539627,2.316877568968745,-2.4051181538486355
0,-0.9422091337550109,0.5088275091761842,0.735598621281022,0.17167943034749206,-0.3836203972972721,-0.4128616968373412,-0.30812478484571915,-0.5178915079906089,-0.8258747160812128,1.8868186747906028,1.8021071618282005,1.8077611346891156,-0.38000221225823105,-1.8537410617925831
0,-1.5176473589697392,-0.6116771854532945,-0.09232982617392994,-0.37504845153597405,-0.7451692647800727,2.202269694512862,-2.9183936474232,-0.6058239967070378,0.08966440808044218,-0.11946771040235052,2.5376629434764277,2.44275848038379,-0.5211066557158323,-0.034954337833483985
0,-0.5188417447804518,-0.1862633672467639,0.08624644055540721,-0.09877234015868243,-0.25391235551517494,2.0279480347517036,2.170008043875024,0.5123850820754041,-0.22013260708666288,-0.3730095173313033,0.6302276718564355,0.6960914842751745,-4.234005672576458E-4,1.7356773388854876
0,1.4361591709285402,2.9965456390438683,3.003514449382848,2.758978931630235,0.07742062924584318,-0.48223016935926094,-2.415370230545781,-2.4985233340293083,-0.8955060896817905,-1.302875146258369,-1.0392889359431787,-0.43365137361431905,-0.6751922849676769,-1.6426076555851057
0,-0.5140884120293633,2.0577937485649938,1.8824172227498226,1.9623645831494263,-0.5166381978942206,0.3745092702132128,0.3518429390017673,-2.5171268307319705,-2.67605623968781,0.06245045975370224,0.4420117320772311,0.19649559205087289,-0.537323395412156,-0.4574612166661099
0,1.7311924746757537,0.09438526908917041,-2.059539353118031,-0.29250845004313275,-0.3711915128145263,0.20586025495238458,0.4592410079868293,-0.4393630215125371,-1.186350430449953,-1.0445839853369228,-0.15785194195310093,2.2259222657246602,0.4220032921316657,-0.7573345134729479
0,2.460903763953292,0.05949213521330357,1.068399386809566,0.6318156281647079,-0.6038019473438943,2.096313085385522,-0.2743002703180721,0.16017922529104367,0.172418413650727,0.4681282012885735,0.6760726356588819,0.48695833590306076,-2.4949985754428297,-0.046879985399120014
0,-3.223188398188632,-0.5991515125966793,-0.12746809439270704,2.2554757376666656,-0.4858366196477704,0.3605707364971003,0.9778598103898136,-0.026381129674762048,2.3768329389429996,2.5825486755974443,0.826790906992113,0.3274998314580353,-0.3253009173075104,0.5005737011674067
0,-3.1058755937419806,-0.0874895440591014,-0.0059737087652453336,2.3743367801812383,2.3966480373211927,-2.4876179576759463,0.320704094711973
0,-3.019484490211774,2.3328828754993927,-0.3685621154373036,-0.5004765875632543,2.156878378163955,2.017251104779076,-1.12018117702985
0,-0.42034379133259037,-1.1646377785973459,-1.3087283791387831,-1.115659813714974,-1.4436580438910356,-1.6939177150527207,-3.003396664974671,0.262892259603073,0.36746506938622403,-0.624292878357582,-0.9018600766260246,2.4847411017124736,3.0595361170075503,3.263447818758817
0,-0.7873781442506248,-0.46748989673074776,0.10997796228767047,2.161635701669535,-0.45113785469834883,-1.144996889710996,-0.9679326205032994,0.3996149306212989,0.8532025115501359,2.3768765803682874,2.2234366863762487,-2.2874138366714485,-1.3287382191653843,-2.0030077127640165
0,2.0282364861402025,-2.685881045639491,2.348267121423222,-2.624765524527453,-0.2679172217052777,-0.7457716792656058,-0.06626420572081129
0,3.9683010345634946,-0.15042135592047318,0.5134271668624456,0.5686673208184363,0.4344844471584614,-0.1298049507614914,-0.4352285885505482,-0.4644390856274863,-0.5469550946114715,-0.5185307718461397,-0.5200775400031136,-0.18405296417500816,-0.06280577126061018,-0.11321379197888108
0,-0.6229248723182389,0.5834902905859854,-2.379483194452969,2.37956500746718,-0.4329113788092966,-0.6213921594686435,-0.12785458169634764,0.10221071204537796,0.26994578592509766,0.31056664075448054,2.428263669650741,-2.4469779376217695,0.5467460351586864,-0.09205466730378732
0,-0.1201564732871787,-0.29634252551148765,-0.5245313527045035,-0.5847367005246495,3.1053865518466246,-0.0850325956558863,0.7868852342956643,0.9638233013636387,-3.632498641859391,-3.8835933324013183,2.572518846707301,2.832364882979985,-0.8489217284534384,-0.3909503108439117
0,0.3943937197441297,0.17639189886717413,-0.8068231576399234,-0.47638724740338756,2.8411650445358037,-0.550650613648183,-1.3707520710241532,-1.164057512091629,0.5827977384760452,-2.741925217272039,0.5941928153213021,-3.0042336754845262,0.365659957054708,-0.585758815284484
0,-0.4767879814141609,-0.8335687022897919,2.0893215805046834,-2.4255963724241028,2.797921839055943,2.7619945355522333,-0.5461055064304482
0,-1.0492313598230372,-0.7638732903949781,2.1116586645856525,-0.6910998041223938,-1.2538881912607875,-1.1176634998237616,-0.0523564133643905,0.6141581988210286,0.7703955681742108,-2.3309790573769478,-0.34582691754517847,-0.9716705610860941,2.05362602308363,2.948578336132488
0,-0.01902063339038621,2.774398611732307,2.7292157864294495,0.07671302274396292,0.3338528626466341,0.06178594614331663,-0.1450836104336216,-0.2158528438781958,0.023438714831874825,2.942985808486594,2.76305296183224,-0.8215829105697497,-0.9251356072577132,-0.7408979946922494
0,1.887752387675085,-0.2544731994378709,-2.584390825485709,-3.051786963216596,-1.5399096562384882,-1.312024739981277,-0.9098448958097802,1.9425395021580372,-0.9732030116066144,-1.2128327285243572,-1.2309729677750818,-0.8643352166907504,-0.278448617131952,-0.19131397616069634
0,1.9730508472940675,-0.7291791018300822,-0.667972639783706,0.23038454701333033,-2.120481406296731,2.147406003854049,1.3606686070018104
0,1.8587578515811074,-0.5636234452902856,-0.9718450322027914,-0.4784297999443322,0.015027379505960869,-0.1553001555769691,-0.16670031394635845,0.11095213517401797,-2.025146364155414,-2.000494819884133,0.2475181999476676,0.008006142746446936,-0.7834671390148071,-0.961246666497416
0,-2.2163282593312554,2.2775514338918024,-1.101799095268879,-2.7758457385235515,0.20414199763083957,0.6016710760761832,-0.4375108573983094
0,-0.3780022148792524,-2.31322893722745,2.1420731027919815,2.1574501768520444,-0.27141297493129735,-0.12550869759804426,0.08838684859499066,-1.9420802723375776,0.43918511257009635,-0.1622434393471793,-0.8432212457852589,-0.5854198056713433,0.26478465663752004,2.545112956609815
0,-0.23666783019538543,-0.6979999426196543,-0.40597448184733487,-2.2619400840243875,-0.8819759801643957,-1.189285484372306,-0.6152195549356828,0.40677419453674263,2.369625164900236,2.2129632178284604,-0.21541850175921784,1.6862866337516835,-0.773329513302428,-1.325267806781188
0,1.1742081594860572,-0.21106497796652018,1.4638802648428542,1.4705084298578714,-0.022393909362875795,0.7700616351876576,0.05447759348378802,-0.8842747727908526,-0.9736151652145042,-0.6105728749248646,-2.248406133278034,-2.315109519847489,-0.45645137658129165,0.25897360827510135
0,-0.041530563118857,2.2851035898951726,-0.26041644175550965,-0.1668646198710376,0.27817361236725463,0.030652744585145265,2.285658342880745,-0.7604453163830128,-0.5372941761127973,-0.33653445809574273,-0.5479668361959839,-0.6728643156691323,2.035370453191668,1.789159775584492
0,2.215536602317608,-0.6015285188779733,-0.022570612596909883,2.7604579431367493,0.5493540710487319,-0.0034232078803420976,-2.763510701024453
0,-0.5898068791704163,-0.6112435989817256,-0.7993297970352269,-0.9001447371249343,-2.5878373767267426,0.14926238147205384,-0.41210335632375256,-0.5744200740205652,-0.45252039474226735,-2.57850415227081,-0.44439922906211604,2.0924644734773263,1.8136051250901495,-1.3740407058426038
0,0.02042318797569377,-0.38484244034273124,0.1685659540433862,2.3709173942094264,2.31795941707214,-0.10135581208595232,0.12816846529556825,0.4760204401723185,0.38665762563264977,-0.15585373975996555,-2.648213491954646,-0.677975915754039,2.1095963665643365,1.9271091468821537
0,0.09059364029607914,2.219965654470455,1.283083905168311,1.0171816712553972,-0.28844804300696636,1.7492943992016332,-1.2785001150434552,-2.4468429358680646,0.037382963469694094,-2.3774076220568254,-0.19801339786336553,-0.17542166942469867,-0.23646793412599154,0.22009367560066226
0,2.006904381603176,-0.90214214472015,0.6892322474506516,-3.1047173214096713,-0.5777510100997001,-0.8255120266247975,0.7177418245024368,0.04575086252128318,3.0273148348400998,-1.1314735154341289,-3.2541106763120227,-0.3311757716548133,0.6328427444101719,0.5970367034497487
1,-0.4366137135777226,2.2728052105919097,2.079870191993119,-2.571149058887442,-2.32570158748445,0.4425091454144212,-0.35903511620517203
1,-2.9704271993117226,-0.690999501984326,0.2374868037482195,0.999809441925268,1.086936996542737,0.7515280208694111,-2.050023950247216
1,2.3742816804842057,-0.17684797238493377,0.40073817913369636,2.357945711473772,-0.4582862578593495,-0.5613757536690688,2.267242363584728
1,-0.7669340960878334,-0.4569614681797899,1.956130946917261,-1.1808554055039744,-2.4589000514287815,-2.0561102550000236,0.18640785072613697
1,1.0719280516976333,-2.1507534892930495,-0.646899402589663,-2.4043622785509307,0.6992971754797933,0.7700037116830095,1.309846101853556
1,-0.006686071550621305,-0.13022445096337862,-0.22608901622629504,-0.03426198429872599,0.3070782659925636,2.2072941777814195,2.0721047225224716,-2.292217401499261,-0.2567185466359129,-0.06732344870459893,0.5264310439623938,0.7072859524344098,0.2788369482663724,2.3062900278596965
1,3.1032629688152396,3.6279156212151698,-0.6816911895296495,-1.4667096791091163,-1.142825760821513,2.9804586146233225,-3.6440352699378367,1.4866153544988323,1.7495159578723745,1.4287694625529241,-0.6299830064484813,-0.6050332367325724,0.0866020160146006,1.4551745251651096
1,0.19548828819884337,0.15493726845662872,0.31278822759386427,0.35636047358667267,0.18698708179570778,-0.15230970702171848,-0.558870453799221,1.7944922205909026,1.7659775312390031,2.177412681691399,-2.2152718486630762,-2.0077131431552435,0.5176213611183341,-0.28784675224137163
1,-3.0088175803409585,-1.9873004479570482,-0.33183888660204025,-0.13723628421938636,-0.5220584343109668,2.176967339581339,-0.12356025647931777,0.44411223369154124,0.7416111397987222,2.476261986310259,-0.07637640192689708,-2.599258639466057,2.393131897899913,2.5280998078081005
1,-1.4405277996642987,0.36187781184642165,2.398600250278618,1.9336901186536306,-0.707156132513664,0.9347956888770271,1.2261130619873977,0.5388450718493298,0.20594769722975306,0.8746713454347513,0.8997342545298108,-2.6126867962858027,2.0000806336715553,2.1029208339221204
1,-1.4153915317188206,-2.5359914119646034,2.0756477249881593,0.2998832697948449,0.7733524213979409,2.5590964009893162,-0.10900105159215287
1,-0.5334499881449438,-0.6386381529050414,-2.650533665395954,-2.577455100260521,-2.145122575818192,2.191715952746524,0.2749372605093853
1,-0.4126786948928807,-0.3290467191846993,-2.5649763548332323,2.2782352285319623,2.446910196915584,-2.3046718435542872,0.3322215616851065
1,-0.21976858620562878,-0.7258193491063832,-0.2720198234464648,2.22312652363923,-1.997837053296142,0.5764905045012721,-0.07437412246239408,-0.2751742976333469,-0.30485989171743016,-0.26940389122925157,2.2007960500080985,1.613048502283113,1.0809207280700233,1.9654544910619096
1,-0.6343431346264121,-0.5550455846109907,-0.6927351329503583,1.8481461042547325,-2.4101615522291646,-0.32293532763782884,-0.11528172470194435,0.3056643130518542,0.26318159170306604,1.913938336067476,-0.6736415965662146,-0.8956687677261892,-0.7916108368262559,-2.840847969161853
1,-0.19562274339664296,2.1512029517495517,-2.2578457848613365,0.05106791194272514,-0.25042266531225943,-0.357794579831431,-0.7886810266743087,-1.2251463826670441,1.808597621210075,-2.5114346093578606,-0.1862476384756398,-0.5212390071951952,-1.4520774424867462,-1.460898424574292
1,2.4119196064415003,-0.887588400638713,-0.7013040001799259,0.19633583148123818,0.2107630604434823,-0.1374513494658613,-0.6155242255186684,2.0106003625370428,-1.3543196244792879,-1.0492391960047283,-0.6378406697232971,-2.82767931600446,-1.4263662559762358,-0.7616335136682597
1,1.453740318449798,2.181369236540025,-2.4579727972566077,0.14016661985464826,-0.027174743027538903,-2.6410737108012334,0.04275660807163874
1,-1.4303686631263812,-1.2522940305363048,-0.8191601354245837,-2.705510085389757,2.070635894246183,-0.5185268644177794,-0.870596963989166,-0.8051129244778888,-2.494216068986799,0.7936896155324183,0.4713666451139087,-0.8594297142417119,-0.7710276102320001,2.432582602480617
1,-0.170976062945495,-1.0642311472688741,2.152435644667572,-2.5742365341759954,0.4359544258248224,-0.12087461111782306,-3.198330539076964
1,1.393596215581244,0.6483963948125352,2.191518066851089,1.243407225509419,1.0890894511708291,-2.068646487641292,0.15854569032150487,0.23204024765212974,-2.3353413087178705,-1.4212184430575552,-1.641120349724432,-0.7795358574017959,0.3026190599062589,2.1808037128309845
1,0.9036980069870361,0.47254283873228625,1.940198567928443,2.0770903427794516,-2.030386478406536,2.2104581186921055,-0.3633894908876285
1,-1.2187003221711337,-0.9539842625406022,2.1579819168585854,2.30296048021758,-0.29070631856506357,-2.5232739405112943,-1.4073427085255061
1,2.1197145035562466,-2.1712928801306646,0.16744808316716023,-0.04324370465212572,-0.48297509683984374,-2.392099614805914,-0.37350275960919155
1,2.443614237404895,0.1612109425401362,-0.1545589463941689,2.1564156061429323,-0.883969395662682,0.40003605379830176,1.108033658382004,1.2099845370187194,-2.214279655917888,1.0507071660884433,0.9512577304239954,-2.2847303961379093,1.0978324063230385,0.8462267585644105
1,2.518434238066455,0.5381392624866832,2.826402134770103,2.394883856176099,0.30444798564899067,-2.0242392356814918,0.01600469086427192
1,0.31590396731823556,-1.469833598410881,-1.5648154969564825,0.4832209859928243,-0.17166275604057446,-0.7184289481080529,-0.857268374764924,-0.5833901067505678,-0.08178908908133835,-0.5324843052524497,1.2315999164808011,1.3343758623997577,-0.4691060906641938,-2.029598469146277
1,0.27550591002020797,-3.037035208894585,-0.477382006778574,-2.76967612206866,-2.1632615040626164,0.7457067503142911,0.3684296198534288
1,0.8312087857681313,0.363947720885617,-2.5210027961630477,1.520479590071542,1.8451255678698497,0.3676845356468503,-2.219089665634673
1,1.0640876292146781,-0.34471431226054955,-1.3581588103883369,1.4811373284723701,-2.4869459199559385,-0.02105688503948728,-0.03684816496414726,-0.25850836930421156,0.6766730666729782,3.1030570213406032,2.9936829772173486,2.083437002177757,-2.3672790879472765,0.5850435254633972
1,-1.0447232668155055,-0.23501598294343598,2.1799164538719586,-0.5652927651225521,0.04708144094677904,2.5172476893195137,-2.4279475591221242
1,-1.05392833985648,1.5782347869089475,-0.7581078193174299,-2.214782854162756,0.36618635805641686,-0.03659013073238026,-2.674224942109957
1,-0.4866602504340936,1.2724997688717083,1.6403687636434392,0.037084169795958605,-2.1199050039055876,-0.3216486533038815,-2.734037844076261
1,-0.6316020382111033,1.9330870864420326,1.8107211907251852,-1.3885899538925597,-2.6068907145104236,-0.023265185378085182,0.8367883896868453,0.712156902421266,-0.20360905864058287,-0.47060025844704534,1.9348327168440074,-0.23500539101453888,-2.347310305711908,-1.0754953943736878
1,2.079918812103447,-0.6483115108935079,-0.24734289108498864,0.6475672283320458,0.542328035658074,-0.45293171131815774,-5.441207727500225
1,2.627410673993311,1.4375061053383267,1.0749217603408021,2.19187270669272,0.5265879333806097,0.6011676783382994,0.48173408618744057
1,-3.3676038902192866,-0.5352007609403852,-0.3490954067784686,-0.8569391189593104,-0.9401339853140386,2.1267032777106847,4.745296564574161
1,-0.16660451489562897,-2.5256231408165424,0.10828384992749625,2.173816459768402,-0.3706938313943336,0.1845578283364341,-1.9570913931321456
1,-0.09460749150586861,1.8119427318230457,-0.8187067206571154,-0.2518964401732504,2.1269685025269207,0.07888566589841113,1.7196616848161166
1,2.078856182640402,-0.8463276337272021,-0.2980218080365191,2.526468003082471,0.5664707902232575,0.3836087165107185,0.35422832394610565,-2.218302528987853,-2.0458229846775646,0.6258562392420335,0.0821815601378159,0.6103722410196354,2.6680295238562417,-0.6261603623124231
1,1.6526727902762512,1.8874081322352527,-0.6176234383810898,-2.5518862667885087,2.2374800977590947,-0.8585514268460837,-0.9342880852394292
