0,-0.3131857021942474,-0.32039327806496337,-0.3182271811311674,-0.315213734161334,-0.31573519191591765,-0.3205724351315496,-0.3229744109533171,-0.32291039245845243,-0.31655423394437704,-0.3063160615228329
0,0.1494839468083431,2.5924605214010126,0.522844745497627,0.35158989889921194,0.07381268420996281,0.10053018070656912,0.018366332841674455,0.09693072947969193,0.07184214511899875,0.0852054312346368
0,0.06869226439236091,1.1006127781654653,0.6788616227814147,-1.2760641366747414,-1.3231631862579507,-1.290721134695975,-2.3325468771297175,-1.6946127559876596,-1.479417370778771,-0.04309296052996414
0,0.627346144496731,-5.580649909426659,1.2759156914585659,0.3735901850250236,0.460504874246078,1.002117971556602,1.0621983542926359,0.8995307233733867,0.821330381950056,-0.9756394663695283
0,-0.8764671492178621,-0.3190706429418687,-1.1773340496582407,0.46461696548521564,-0.27268190546016013,1.2304302314151339,-1.2524734725869553,0.8937748966641256,0.5293019944609604,-2.3101317582843923
0,0.8568090100070748,-0.34255969723554713,-1.9813769591955235,-1.7607833203311356,-2.0085465191405603
0,2.1384876737501783,0.054128135593514176,1.1757069892324852,-0.036070921972293966,-0.5539446694850174,0.6894315939405461,-0.07782558563792018,1.155940582314828,0.12641755368294486,-4.7631829871557
0,-1.7232933119180454,1.4830561090666854,-0.7395768918966743,1.1360977573460647,1.3207399572618208,2.2001651413894723,0.038359437653833525,-5.030201643036657,-2.1315068487076143,1.1616465862782697
0,-3.1093145078252173,1.8002794318300817,-1.686045506056342,4.254812341320684,-1.2388717091231225
0,0.691212301001043,3.7704365494354115,-2.779372426625416,3.5003210085983847,-1.95520182048337,1.4303100118675989,-0.9862593170394688,2.334150351249328,-4.196682285264825,1.8812409307887095
0,-0.31822763611527644,-1.1738320730329088,0.28402068364866967,1.8583514758399886,-0.7253454272898244,0.32796422621738086,0.10375635197963111,-1.2710292597609374,-3.1299818300862032,1.8021699823773865
0,1.0267813854341041,1.5658361212039769,3.6083338578907904,-0.40906593532272,0.8609386249827364,0.38980683021058893,0.8177664199707432,0.12835389658881638,-2.379287547637257,0.7834217262795321
0,4.94974631770609E-4,-0.04386705810791421,-0.9465525534716924,-2.884259538541356,3.6005103505088347,-2.0257371672223203,0.29800256131386893,-0.1383412151013526,1.5516233812699367,-1.4349615936054345
0,1.8959777101908424,5.658074228424179,5.842625155838593,1.5076129710542352,1.2545582003237514,-2.327228115830337,2.3496764447724856,-0.9752575402649781,1.9265233908235733,3.2564139015149127
0,4.4743074664757385,0.9862592578921596,-0.8949629380906764,-1.5748687568056166,0.21326515252294956,-0.49021361189357954,1.3227590357062748,1.0453932509733044,1.1115829825391543,-1.0416699169593013
0,-1.4899258632993468,-2.4175100260275353,-1.2478198018130666,0.11879170232367299,-1.9728961471321618,-3.0938587910116118,-3.382772117610427,2.3547669793607127,-1.3317565805304115,0.29207149586870296
0,2.5625504644506814,-0.9660566675093484,-0.30074869442326174,-0.7933154600625875,-3.364806837588955,-2.7498540139766803,-3.142661193641368,2.4240216945626685,-1.2549804876113804,1.108867487562306
0,-2.215141888328844,-2.5046754746163957,0.49672739264087074,0.24049451954098472,0.2538170700955667
0,0.5639140097320376,2.409254746440247,2.530981901891859,2.131737340664584,2.041811715483526
1,3.6011932600129883,1.7468491245305233,0.22267639140912507,1.6462136326397314,0.8676441094431744
1,1.3584607425127213,-3.8982009014048264,-0.5370736723435631,1.4827247739556748,0.43728055332144683
1,0.021430107759370935,3.252108788210152,-5.763497393919848,1.2899148346293952,1.6005864104496264
