0,0.15082670309221485,-1.6583828217681642,-1.7264770524701991,-0.20668721600550488,-0.08582083524890519,-1.6167497324124394,-0.39876467719860753,0.4399743264983521,1.2091209322881191,0.7298029716987667,0.4314288046594463,0.8493470422031313,1.3319170394026718,1.547734103243322
0,-0.9115046305002549,-0.8965485478713832,-0.858472145135286,-0.8988953850944726,-0.8681899203120759,-0.8404710507666394,0.17606799306522053,0.26400573247428755,0.8081641310014394,0.752499766597892,0.5093768292288502,0.4432390096513457,2.4202545906282404,0.778092876804496
0,-0.8771692806081708,-1.020752054016199,-0.8782345756412215,-1.0095874050868254,-0.8650277488323604,-0.8459182301505253,-0.9981564140458211,0.5741664214415751,0.9739812829708296,1.768120293632836,1.22288434071031,0.6828371008540037,0.3560618419355456,1.3450655435167207
0,-2.2135054707174766,-2.232502719797128,-2.1811125267857494,-2.2283468424734423,-2.182226756123748,-2.231438747757706,0.1386195900974094,2.0942875279991715,-0.2481338283267895,2.046720275323638,-0.41135795285572907,1.9966370855976994,-0.8169058898381756,-0.6027474780901313
0,-0.8774425118806254,-1.138273989049887,-1.0705847457436162,-1.086409531293337,-0.37186773606964374,-1.0877089494050505,0.12886807892057967,0.9907085579320337,0.43540925885494935,0.8001148797634761,0.9016736833998729,1.2441216002617954,1.4012563192123026,1.7199408744875067
0,1.1929601709684718,2.2649054565787723,1.0572094200369464,1.1423967807579276,0.5692648941185091,0.9190237844517146,1.1459517401713795,0.6201231911209866,0.8174344560422776,1.0533634964775092,0.7751340336171044,0.7919134233117905,0.6996866806028418,0.5807380892201174
0,-0.8334668363160811,-0.9139360925600436,-0.6057586257869303,-0.7306067759414496,-0.892432298356174,-0.9234577485679785,-0.8600990137739268,-0.011685147812280527,-0.25366687733508964,0.2699235383627277,1.240993480806678,1.9088767545467544,1.2345065432743663,0.029608373987942804
0,-0.4150981094775579,0.23547857417865603,0.15922890910131837,0.24894245101728615,0.20100531676553732,-1.6452229437830226,-0.5222426892245445,0.8829916622624259,0.2430882952097213,0.2791525550513382,-0.0891471890525781,-0.18002189311384303,0.05660954039347026,0.027305842965295514
0,-0.889384783554902,-0.8909666564025728,-0.8791546139444947,-0.8942588988555028,-0.9082591077637839,-0.8905617040967123,0.27434850879758155,0.38918381318726925,1.24040574080098,0.22952841928885437,1.046622311590333,0.7731904992470039,0.6109481659139918,0.45709259474089153
0,-0.8993989042801962,-0.9110881012858265,-0.89047096551721,0.7115893431624514,0.9653365099350181,0.7987300161420635,0.5987761865880289,1.1594514478468483,-0.007797469022369635,0.22554447151946985,1.7469555408379698,2.073138640666274,0.700024796980605,2.0450552417596004
0,0.44672529525626925,0.9800730213124413,1.2306927271013652,1.2939017977901666,1.7258824540157605,0.8030505804190087,0.2704298532327469,1.0466290470947397,1.108818913106633,1.6638524602564924,1.1082519249765883,0.5549773326980054,0.24821859804177837,1.1100030668277958
0,-0.29506993832851963,-0.29026972411440644,-0.28492967196691393,-0.28493178277239306,-0.28595482103171366,-0.28583590657756935,-0.28516539172733396,-0.28805783779435434,-0.2873986854485058,-0.2890467913337013,-0.28636525836871446,-0.285664934561262,-0.2824421968799718,-0.2806420379606682
0,-0.8259152231961581,-0.7937423159718187,-0.7562673826372931,-0.846499269932685,-0.8469266976954175,-0.7378269641475962,-0.8343338506211151,0.2822101858013846,0.6294911454925529,1.541787352479772,1.3534659725522187,0.7137646560591862,0.5008370883899294,1.0173817051584884
0,-0.8067749357428213,-0.8260390455286905,-0.795917483316093,-0.8397840238478868,-0.8096832099944666,-0.8149586019226778,3.2731802577881934,1.313200183285966,0.36768594547597033,1.0587220015190084,1.0304310913769135,-0.14844533977203692,0.8581027532304548,0.05125088082930077
0,-0.9551064057762699,-1.0022867241851043,0.9568918006542827,0.9289257306024012,1.0794804194758614,0.991874489542644,0.9317346144826854,0.9034900738854493,0.8963649292433042,0.9634711499953199,0.8235017198898932,0.9925805680461849,0.994366463427098,0.9416265904452763
0,1.0606428461305961,0.13422201496025965,-1.9887469092046326,1.370048229106394,1.886153058509362,0.3548077882813368,-1.0913023244603193
0,0.24827567648683618,0.24241332096836285,-0.24941793171597978,0.138505739130224,-0.16615834259326748,0.46005606263561943,1.185593429987743,0.05622687482701598,-0.07984813221991534,0.05235728951419527,0.2622023944570721,0.13270448938972726,0.05244833250992219,0.1399004665961102
0,-0.5117167738755506,-0.65144466829635,-0.45215984037331286,-0.5861449010990384,-0.40001072179803193,-0.713911821493263,-0.5286771223940787,-0.6021366357987318,-0.4468480574799801,1.5496741126703777,-0.4334408573556139,-0.5357582744645711,-0.32268265576454097,-0.3014404963818718
0,-0.7240745248142041,-0.6989275977332072,-0.7398865176358175,-0.7488703445104661,-0.8022117627561567,-0.054239236002038026,0.26379874844711504,0.036507486481022464,-0.1454452691166975,0.3544351980418657,1.262036696947181,0.03652070486522328,2.715629926103502,-0.09956667258655826
0,2.7203434554902293,-0.7902981725914949,2.885896319067951,-0.05788906434758113,2.9548736039746095,3.0448483309585535,0.7971437536754169
0,-0.15891255203527938,-0.3268700736560016,-1.0604560933499458,-1.0606729799307233,-1.1465561588049724,-1.0435032986378778,1.2816718499493993,-0.06994582866149927,1.4913448130521052,0.9831195810533241,0.7618225648657239,0.03401972329166514,0.8657997762367952,2.321363558592283
0,0.1638425671973559,0.35455887863229396,-1.3261403927430941,0.44416816137744547,-0.15328189938956596,-1.9895827032659867,-0.7720710030294652,1.6310040824481091,-0.027348512403313464,0.19549291833800012,-0.15089307175459146,-0.35091795016400484,0.11176242270981225,-0.6871126186119453
0,-2.06345303836419,0.12533110670847275,-0.14847114195014016,-2.003478742693736,-1.3185258758650755,-0.25143047364031035,-0.1092469756971467,-0.7839591092325119,-2.0393035756572497,1.4997032333718612,1.051430798857661,1.3745055490831892,0.34088368014495557,0.1664050154159673
0,-0.283444095486807,-0.24781789300686896,-0.22025841466051685,-0.1912280880154393,-0.14682792061830605,-0.15109484541500134,-0.15172643063895994,-0.14629787034529637,-0.14102627487669292,-0.14981230495950834,-0.13910785501566314,-0.1404503120984135,-0.13806031435425842,-0.13250168603238105
0,-0.961939204227767,-0.9666129776541664,-0.9802072953504334,-0.9516838476252606,-0.8586540953271617,-0.9354369493255326,-0.9308669239522402,0.573663057344198,0.7831652743645613,2.2825481673499053,0.6166596728686335,0.2136527840739185,0.7422584327010561,0.618214330755411
0,-0.28677615427780345,-0.28795535197079497,-0.2459318754511951,-0.28724037048270956,-0.293482174200192,-0.2977835550239488,-0.2883714170145231,-0.28794335286269845,-0.2718207178970895,-0.24274782700142178,-0.19207618275500649,-0.16395651417914522,-0.2186591745866337,2.1173574283609664
0,-0.31903798590081117,-0.31478462872418356,-0.29796235348574945,-0.26324415368260107,-0.19689485114546948,-0.19037753573565783,-0.1674118737732814,-0.14523446664523967,-0.11897616182450585,-0.12394001872924651,-0.0721285733913015,-0.06075315159419366,-0.05847865734726257,-0.022144679514344606
0,-1.2317862700875832,-1.3511529677158842,-1.302173461887065,-1.3157677830260992,-0.16486756684675133,-1.3389746664363016,-1.145408824425169,-1.1957544709182784,0.011160469786380064,0.8220044031530899,0.6662745343920322,0.9072358585358938,1.0171131098030528,1.4360374625081833
0,-1.961189034535341,-0.9963258324833802,0.5118734245663193,-1.9060497787108783,-1.4510911542889178,-1.151564238268203,-1.8594416598537267,-1.2655679747143498,1.3726311864698366,1.4559604965635937,1.0709537953052268,1.9666115464013323,1.8656739972440017,-1.032623949382301
0,-0.9216480802007943,-0.917087615738069,-0.9088755515684328,-0.9072880867366536,-0.9329972064414135,-0.8972653126043945,-1.1708525043191913,-0.9274516489538657,0.8547361537311097,0.3223299850082862,1.348384680169274,0.9113183255360049,0.2786055758208103,1.0247330753023192
0,-0.952436762339511,-0.9149644760350064,-0.9160858603571114,-0.9462568804629459,-0.9769120956396902,-0.9803211194995551,-0.9004509850145327,1.2682025541794304,0.5033549984149746,1.0328184908831133,0.38531046903767374,0.44178220950515124,0.7953360870996405,1.7467803318161286
0,-0.8020683552436542,-0.8613582874980648,-0.9054152110220766,-0.862144492974702,-0.9283980247435041,0.4762309217233722,-0.17474885101698295,1.178578435358105,1.3350099911152742,1.2210572904457608,1.6343355934649786,0.19103071570212107,0.42930428774551016,2.338345536675552
0,-0.9176162174031239,-0.9049137610461403,-0.7501436030394684,-0.9025975432986211,-0.9359747824944035,-0.8309958287220813,-0.8695333109395839,-0.9596946449306575,0.48868291335222874,0.3611265367526113,1.5343689119533184,0.9659361410616201,0.5255294042051606,0.6024373706537252
0,-0.9241392519068798,-0.9568978860400948,-0.964661887643245,-0.9772854368272721,-0.9110874433701813,-0.9547035840787563,-0.951062164505009,0.7768250272683231,0.9104436781281007,1.0189484611196287,1.3088976445399159,1.7196483310221893,1.1489783094950228,1.2574421476477795
0,-1.9513314898702956,-1.9444816292856322,-1.9500178758472972,0.20458166492985855,-1.9515687161984816,-1.9503542756246137,0.032329777669253754,1.6944226124253128,1.9246911912719298,-0.2046881815151634,1.9040726632874825,-0.24320329532544527,1.9182748117182895,-0.17629649954941667
0,-1.0134706680202181,-1.8102772648608916,1.4762211838026489,-1.776090842820908,0.15511317915093797,0.6721828295086527,0.07556404482761567,0.4335352713591321,-0.3221818099061484,0.3142115379906682,0.43353528524713764,-0.051714656623011786,-0.003985165900815215,0.5528590609666676
0,-2.0619506827580034,0.22518968794865246,-1.905420255844952,-2.055728150705817,-1.934949615924974,-2.0585956454870376,0.12790337763684537,1.896743294417758,1.7495175697680891,-0.045102818514830105,-0.10503187718307964,-0.2286142812797499,-0.27258020388825965,-0.2321111943667175
0,-0.9465815697458522,-0.9312427808615334,-0.9424186262148881,-0.9483689111940106,-1.0869857454481686,-0.9831974805860306,1.025767792267231,1.154360787128102,1.1520567060043438,1.0929134601825725,1.0948385485050045,1.106038799815426,1.0481288050281432,0.9701891431090207
0,-1.4201262715470693,0.08455399631094195,0.0937749267708575,-1.5103170442455005,-1.196895479521414,-1.6434198693341542,-0.7273094481588973,0.24557134463578817,1.2050737184883415,3.665346648252172,1.4916828845761945,1.1019765754400568,0.6268000692405911,0.9011888392757008
0,-0.6944014961580967,-0.7542941090688392,-0.6929647021062272,-0.738132236383816,-0.8126259877778702,-0.7538071283938369,-0.791299320562404,-0.7283749492892598,-0.7247535037190085,0.49579839802591646,0.31527379957498264,0.5961457699165923,0.4684805326966229,0.6219721174875392
0,-0.5805108234864714,-0.5505927305758209,-0.5464644441802253,-0.5511299174496754,-0.14260706970503037,0.09056038273586911,-0.04272580712437233,2.5039581189867164,-0.2815691067401831,-0.2742606268091735,0.09802577452865044,-0.29815155447391173,-0.06966722457313294,-0.17505159627817213
0,-0.9421506226488476,-0.974188299907133,-1.0647993352052918,0.9197321587700079,0.9446908354483616,1.0013088540756956,1.0765929394147151,1.0000814624833456,0.9147654630757562,0.8934731846655122,1.010045993385253,0.8059189602084624,0.9639573856128494,0.9378705610684
0,-1.2666915089030684,-1.3675644547898549,-0.7786616029283113,-1.2990897187407244,-1.3160739402278128,-1.349871024738618,-0.39719605377621486,0.7925394121163615,0.9718851463723879,0.26001123922785785,-0.11075150636004617,-0.09773725479020808,0.19680652547167074,0.5226366456249529
0,-0.9109435164637312,-0.8703363597269019,-0.8977590001368416,-0.8373474712574626,-0.8550897175462574,-0.8636470832704827,-0.882970023654279,-0.8483225270250311,-0.9167225021467442,0.7654006887302655,3.141917900960915,1.1303857324491497,1.3548269589302406,0.4947792936798505
0,-0.5350301741524003,-0.8923754577055891,-0.4034108200059702,-0.6970964423739413,-0.39956975662544175,-0.5047550616586819,-0.8135221077854152,-0.48285155632607485,0.42248012399560736,0.20280585320966227,0.2647297254064226,0.26192002154473076,-0.10405111640195573,0.6169736099056025
0,-0.9238593295571096,-1.0072441142097954,-0.8942573619611972,-1.222009072897249,-1.0920050049519,-2.19504608118699,-1.0111330157536755,1.299763123342277,1.1107419892999244,0.8050091488233162,0.8677621072964892,1.074172325837877,1.1535756454358226,0.9889787785940475
0,-0.9523959866304729,-0.95039056979249,-0.9427984171583143,-0.9582001948184057,-0.9563819179119739,-0.9353742126104208,-0.9836231717361237,0.9734136401311273,0.8835543594366195,0.9849887599182896,0.9700816202451242,0.9359930752900799,0.98467863072302,0.8842678084130907
0,-1.371699146930087,-1.2741610840080393,-0.8448154107693141,-1.3153939217159651,-0.8944544083698052,-0.4128637945886172,-0.014072937550241306,-0.8053109680477376,1.3536110782013504,1.7304095868745692,0.48505912318219574,0.2568788365685905,0.8950826355228733,1.6003768297203276
0,-1.149440465036286,-1.043215194689773,-0.811990520018816,-0.9650860073178357,-0.0027562088076003065,-0.009029330196731222,1.4373741496194061,-1.0244298838864498,0.11143838691862167,0.43277848473296615,-0.3233299523004231,1.7937429684735702,0.47058483883080304,-0.28552935445863353
0,-0.4063383451822056,-0.39547437208749747,-0.38477377883569497,-0.3696000135992678,-0.3648070110001759,-0.3505193364805876,-0.3456249474336352,-0.3387455174213779,-0.3404803925647958,-0.3363190960550513,-0.33750233126001034,-0.33243303644375577,-0.3310126769576753,-0.34091256586736407
0,-0.29828079380340083,-0.2818796649911129,-0.5598779543913969,-0.56925318366371,0.029989156508290774,-0.10865643556235464,-0.07737761221274779,0.01209252348971666,0.0929459204540028,-0.12866407282585687,0.037500276275850696,0.011295709289321998,0.28964311790227154,3.1480773576747736
0,-0.962572798144695,-0.9552642321588004,-0.9006374032664075,1.1587611654341585,1.2934507602861753,0.5944356897679338,0.8809831241552643,0.8755923035486596,1.002374938422476,1.098871595171103,1.4611171476952196,1.5476408309296603,0.9512122905357361,0.8424737212443519
0,-0.4719104032065764,-0.4565172762221855,-0.46303503863947626,-0.4013476070513231,-0.49962422935267253,-0.4988862076002146,-0.3379183185953707,-0.48883744813557806,4.910424608805617,0.10687748752773675,0.10816437475918189,-0.10355558345716967,-0.18425272178750782,-0.23785183152770392
0,-0.8191273614537703,-0.8218127755701528,-0.7880899344753499,-0.8304603533841827,-0.7830658109206373,-0.8531722065001209,-0.7914618467424668,0.5194396095388213,0.10428249958427797,0.614384143696875,0.4387198123864035,0.0497846077665394,0.18574370197815013,-0.02601136571612631
0,-0.9371421634836588,-0.35002015556493016,-2.130007829705742,-1.868111770160353,-0.6623084877767766,-2.079174867642396,0.41929616177732765,-0.4583817174214662,0.6043010877522922,0.6244262949887691,0.4918875379275916,0.35384651684108237,0.319543994933462,2.0507057887488105
0,-0.706314300976232,-1.094006253720778,-1.01274459615798,-0.7597251585053163,-0.5258736726479792,-0.9746773004492166,-0.8718566694978643,-0.3149722266962001,0.337383505335437,-0.8160712090184816,-0.9616163791126288,1.7591580151198825,0.8087321475145846,1.0621441611533102
0,-0.8568378459323586,-0.725710503634735,-0.492338216978364,-0.7764310249298471,-1.3365270068310036,-1.161850314137793,-1.3021404133618038,-1.386030516267432,-0.4378654194337777,-0.9794888227984594,-0.5952072424753518,-1.2463861481474166,-0.6452910719316365,0.1821787683286953
0,-0.8431980661132279,-0.8402226864706552,-0.8772892432808517,-0.9881128903097599,-0.6743243798260323,-0.7904020442381611,-0.8834564893829686,-0.9536560077472416,0.7915789122585316,0.39954628257345504,0.5244378258804114,1.166365627026978,0.012094949360940925,0.7409749897417697
0,0.6463896749552291,-2.3873530478676916,-2.3829072435666716,-2.383443252089113,-2.386623974487613,0.6486091489327105,-2.3845402100303525,-0.3815348016700027,2.299061978007503,2.2927135649866655,-0.6658945452112829,-0.6113718699385196,-0.6629870988455471,1.505215814811195
0,-0.9557661059048588,-0.9479390785744044,-0.9692668823781151,-0.9683172593022361,0.9629856992723472,0.946997413913999,0.7244756308668305,0.9683793168778986,0.9510323629843679,0.8314862503065263,1.1423518914117137,1.0274139778690952,1.0418763265962234,0.8753712342226052
0,-0.9420265595762729,-0.9565969570302807,-0.9213772937753543,-0.9580551057404328,-0.9536898514160244,-0.9744873664040073,-0.9804862375171303,0.9415731219074186,1.0126012963865325,0.7088146061145343,1.9779957768091476,1.2794490310535662,0.972292786647034,0.8253209363795039
0,0.3114708349219794,0.08634211518690046,0.36567606374922423,0.28850921562983384,1.1116504065651858,0.8788457015570585,0.7391352612312381,0.3197847678362209,0.5681202572492097,0.47528935226334473,3.1935944654689417,0.9407381575662391,2.0133787925812396,0.38160737132427663
0,-1.06923924097654,-1.1978324431019394,-1.1904915812920993,-1.1782768922656028,-1.12382355249711,-0.041580217807579145,-1.1594398987696346,-1.1781895149557469,0.12250431541107565,1.5906758209864775,1.030351133963942,0.9841486625524714,1.057270742874658,0.5483042523249309
0,-0.6875194484677186,-0.464415813086115,-0.7316425147069141,-1.0569283483834684,-1.0593229042173324,-1.166180526438671,-1.1869477806176296,0.22270679893900083,1.6050621996378474,1.9166742581769094,0.9208977969245027,0.8519643593777017,1.1915659574554647,0.8545730564533366
0,-1.3282903362965082,-1.9378488959166291,-1.6415584179392007,-2.205574926844165,-0.7255912688346923,-0.9852259533667265,-1.948174088771898,-1.9533426414228967,-0.4069301165161589,-0.7531263336252867,0.8442498060663902,0.8779331453468527,0.455641176854219,0.38901057729847044
0,-1.2006540913235524,-0.3192857979678305,-1.1334376347878883,-0.29160701150143836,-1.183557487810657,-1.1555083106581094,1.1471081834760903,0.8014369989090347,0.8939933067120518,1.2603641685580662,0.8459760118867773,0.9889041703112544,0.7765558398991914,0.6668565839142631
0,-2.2251348598303498,-2.2277702841290985,-2.226115254169173,-2.2172858230051817,-2.225659517190573,-0.005239177870228613,-0.21959268815194694,1.8297441063131934,-0.5031188560615655,-0.46616934511247365,1.8577860486292639,2.092980141587743,-0.42669961914168697,-0.4596716124394001
0,-1.855709838117192,-1.8438099869001072,-1.85168629953608,-1.8571298557585723,-1.8473501855934302,-1.8759877866048493,-1.7925858936291916,1.070045792117622,1.0601716115661954,0.5693517149015991,2.3911439247547532,1.4592064840230354,1.664029913877902,0.3906402856230849
0,-0.9498914397258977,-0.9520508774884855,-0.9479864393254985,-0.937412281833915,-0.937348569743211,-0.9908829927791998,1.0222988603709764,0.9158099404445669,0.956906821563506,0.9227371783950821,0.9753314305551809,0.9650280410962415,1.0621610785971,0.8753622908772464
0,-1.0489135062500445,-0.9772200131724476,-1.0341168282929123,-1.034422126665281,-0.8268555648704977,-1.06930032969997,-0.2606995030007284,-0.2229395589484668,-1.0487366231270547,1.521114920369702,0.6572621807559467,1.3494452683720883,1.6964671173275137,1.6970485193247071
0,-2.286883572816692,-2.2768811355959646,-2.3096707946953576,0.6644788470401353,-2.3172232755842797,-2.346078595380049,-2.287944473611125,-0.1671241755456445,2.237362851452732,-0.3010032151634366,-1.2946138143089594,-0.8700668438269882,-0.8642369978619152,3.451289753579592
0,-0.7241557704351675,-0.8794305434152097,-0.8633251547439378,-0.7890380978674933,-0.9062676845936272,-0.8014840871684132,-0.9038155794817216,0.12190077618590482,0.9825481218935186,0.9842812452558861,-0.06278870179261242,0.4619235341881813,0.8217817142644168,2.0153847206588265
0,-0.7804611368699673,-0.7769922784279125,-0.7910826394569647,-0.785145563067989,-0.775203961436303,-0.788292450412591,-0.825126770980721,0.3793356146667324,-0.021552861974186138,0.42082144323383575,0.26873119783767513,0.9988439453378076,0.9117093966367268,0.6601000666255072
0,1.6095423732557854,-0.12328088609599382,0.3101701342771117,-0.8297344336742639,-0.5633500783927436,-0.26087590188738896,-0.036648298738892235,0.5130478197328029,1.0315716620496767,0.467500299622534,1.6306416865065054,1.3446764152815875,0.8531352537977471,2.378513058220813
0,-1.0511684624847597,-1.151404085981875,-0.9856391445330117,-0.8828972025072568,-0.9319901833055948,-0.6940320417838561,-0.8115412123054929,-1.5953687503914702,-0.9708697495103813,3.658421100486754,0.6110286696143293,1.0441240540962309,0.35505454193986763,0.4188286196969578
0,0.30436339931202144,0.8040743351339567,-0.02645747869887659,0.28811021308775603,1.3225206281038346,0.7678503443684518,0.8685085991249339,0.49260835108250134,1.2113998266383628,0.7383334814174154,0.2841208776301029,-0.15145617682615148,0.19154983178057852,0.8081131999667241
0,-0.2977235432545226,0.22080135049828817,-0.28485037932561663,-0.3998212584660038,-0.13295909426316338,-0.1679638641176772,2.146299039600501,-0.12454173593936993,-0.2354479019875998,0.5898965001897455,-0.5642917766125413,-0.5849479310395741,-0.5735486982145827,-0.5666803497832302
0,-0.17624463945474808,0.34217347840088297,-0.1269556104787676,0.24474290620139744,-0.24058538659142673,0.4567594367356656,0.03618951040062279,-0.6132822113710953,0.1972700214699042,1.182389537707826,0.2447495951649831,0.4884932317872489,-0.07834915268803706,0.5379637847127977
0,-0.9541298578807631,-0.9463967119085528,-0.9383616718013038,-0.9544308826348552,-0.9538224409770341,-0.9393101959013699,-0.983427135896272,0.9796103401078124,0.887983881103567,0.9361166327563396,0.9643543472652365,0.930524409032275,0.956687287990802,0.9105818615429163
0,0.13077509708260676,0.1503313757767338,0.141080798831804,0.1599986247004418,0.10526890575771057,0.1529161468957812,2.0718309401558446,3.2582500247937056,-0.3710005560614412,-0.7136820860694459,2.7480060842539324,-0.8128066219449237,-0.5742033379964443,1.896064271573274
0,-0.9542064426604145,-0.9479016701611261,-0.9574606366399222,-0.9605025005294671,-0.9511470060094253,-0.9846946326870037,0.9924230333211076,0.9475800331450428,1.0119441399576192,0.9608561634594877,0.9481184628207203,0.9794100318995284,0.9450230389876058,0.8516880395917611
0,-0.7575381686714793,-0.7343592112711136,-0.7556958576685457,-0.7628228532438043,-0.7630070913929025,-0.7538649668269657,-0.7477059802362498,-0.7459601851303053,0.31228844466506955,0.4318938580826455,1.922135589574048,0.26788032100848014,1.9350507763705866,0.11429567863786613
0,-0.46918163948363006,-1.0275693897458813,-1.068868189268533,-1.0468632665006257,-0.9355827488205649,-1.0536802381046617,-1.1151584644945345,0.6186624472020168,0.36506168617024304,2.7636573938609326,1.3247323380854599,0.10552292476710354,0.03512137439952664,0.7553849290495257
0,-1.1784129306449274,-1.1598396124908388,-1.1681658848153094,-1.1140281808588544,-0.11547968979722542,-1.1378650388567295,-1.1666016733099205,0.19509436331266405,1.606223475642582,1.04589529511073,0.9882244253589293,1.0233167970312271,0.5904703262291423,1.0926569261582078
0,0.06031072432004575,0.04879393272080626,-0.3785844782802865,0.09919209746126147,-0.09431058194567045,0.3902352283846287,-0.2781077456528536,0.010744247169449214,-0.24609395465409387,-0.2026854451096868,-0.1732712197932069,1.682994858491475,-0.28621035734681927,0.5864199846377474
0,-0.814481193170123,-0.8644099949099288,-0.7239043060312412,1.7949131151663658,0.20382237863834513,-0.8704575350958987,2.156813230481844,-0.860917110221677,-0.26284742789424625,0.8594055770438561,2.1839170131918424,-0.22814151150241385,-0.6637051093369987,0.6847748071397558
0,0.2200446750773439,-2.0002770435393207,-1.6240857923994487,-1.6195315504178072,-1.681434842589683,-1.6718173465127113,-1.6270569977413034,0.08767542304341792,0.013617920434645265,0.0816916355226654,-1.0914210980506498,1.6977851811187004,-0.03692736871683652,1.4382257914654597
0,0.5273126573186186,0.4963080531595737,-2.0851185916435364,-2.12077891154279,-2.0994865345367804,-2.102865578654776,-0.3115254170755528,0.19858352696212941,1.6511454736389486,1.6780094766298166,-0.2150875609900141,-0.028968728600490188,-1.1228997080662524,-0.02872534165170349
0,-0.6753090752917928,-0.7943322175944172,-0.8442996060917703,-0.7869686916669348,-0.7737122498397914,-0.7977926456984112,-0.8383948151958132,2.4040454459395457,3.1834014155921464,0.62656510958599,0.00540472253632266,0.30684572267651855,1.073873001613428,1.0476610803799529
0,-0.5936787807508549,-0.629996590789679,-0.6107467944986321,-0.6468758205217464,-0.6632717578191425,-0.6205587458211752,-0.6575514014654507,0.5705959383283874,2.3269775305975506,3.00315931530775,1.4626797513021714,-0.014097195715357162,-0.07886495999614031,-0.2022398367650142
0,-0.37545675395278977,-0.37260872475821977,-0.36803652782298396,-0.3756363709927652,-0.3752422249925638,0.4000594276922461,-0.35994469794640055,2.2265964382801875,-0.09509262590935588,-0.3578212525193429,-0.3757084548226232,2.780407357846997,-0.3739953576072491,3.600094675274741
0,-1.320567523344778,-1.4697078610254293,0.2736880461746455,-1.0697751112634213,-1.0880237281040466,-1.3903572255264607,1.4393951433729806,0.43131237393012006,0.8201471689359864,0.5665092210873887,0.8849175068325849,1.5300685751739345,0.1212024146168643,1.2026168600456564
0,-0.9121461548116092,-0.8937753955858166,0.6989834740074808,0.9541152631002167,0.7979945989871607,0.60243692492024,1.154724000507521,-0.00643674430233336,0.22798449981111996,1.7526210712114196,2.080320724474712,0.7125499144525775,2.0189445636074805,0.46683538316041495
0,2.699766664010009,-1.4199882720911048,-0.746341311644849,-1.2514762882503316,1.4622174837938753,-1.3453179986627422,1.0657143316252746,-0.2912065915182475,0.5241897159178287,1.723389449405027,-1.3017500268381361,0.04193421281235383,-0.138441469130771,1.9508708306210936
0,-0.9411375458351252,-0.9906757788370428,-0.9685004772863195,-0.9514908019298157,-0.9268355096297846,-0.988628617034194,0.8166346843154957,1.1960053503539805,1.4958348113014284,0.7780843159420149,1.1611340134903974,1.0443004354132674,0.5723867086006558,0.9985714710872324
0,0.46541570037700436,-2.2256431457452956,0.4983250860249902,-2.222989773504915,-2.247117038202687,0.5361368988199379,-2.253411468132432,-0.11639171263598903,-0.1582044844683533,-0.30240495564739706,2.2390558338222397,1.936172392757525,-0.6348990480694963,1.9429978456032402
0,-0.9063954400437484,-0.8767854644153856,-0.9462178704287376,-0.8490537339391584,-0.9150038176738438,-0.9115769575616355,-0.9318056528110334,-0.8871899076583917,-0.9121747984552355,2.664952932145835,0.6208153820622058,1.4072048966867468,0.7910067640692547,1.1744337244014547
0,-0.2835759903522612,1.0821306084144215,0.37945730051001536,0.08215941042994769,0.22860517252064655,-0.33847265102293345,-0.26000481229970024,1.8063971022847711,1.3453232796274748,-0.7377639582611032,-0.7596723450124916,-0.747077102086577,-0.7564659677679065,-0.6425525557227574
0,-1.754829258079665,-2.886468752941738,-1.8062925976327098,-0.9736341408666075,4.353244160380382,1.2047148348959453,1.0745842133442223
0,-1.2379575848650803,-0.9993661490248191,-0.2839470717688762,-1.0721940509780163,-0.3224546471069902,-1.0147340401133162,-0.24422810033268394,-1.0518555102161349,0.46435862685556817,0.4012754509079477,0.8225244318396014,1.4129102216464646,1.9676459320636759,0.9393783869531294
0,-0.13754412922107126,0.0767493352210109,0.11428572401261569,1.5003652750948548,-1.1750407261561508,-1.199143335256969,0.5948451593658514,-0.49852640281052074,0.2980803830078094,-0.035090772141320746,2.0015768984663818,-0.023534097615442277,0.8969813500076573,-0.4135375358545701
0,-0.8999614736347292,-0.8287503736574121,-0.8280200101730032,-0.8272125849708034,-0.9210986935747262,0.8647043792846246,0.2008647797499366,0.5232388207857386,0.9121629937925548,1.490006804942668,1.5920137752718506,0.3308951404434923,2.663089648034743,0.33080782877452825
0,-0.9509675851351335,-0.5795248115288846,-0.8064416470368736,-0.8983833195390077,0.5476598577429057,0.27286407483194847,0.6818543501035879,0.6106463619813539,0.9057391011715928,1.409021873479186,2.1509739615613293,0.5338621988390604,0.4428240984752354,0.5045291547579578
0,-1.3905954348005956,-0.4583940060989595,-0.7380118657095884,-1.4478739959325815,-0.9712452521890543,-0.5279330258102475,-1.4145616474671436,0.20420701847086045,1.4685240721376271,1.391390366184338,-0.34250617250202886,1.0156836537836322,2.283402068592684,0.671169799764737
0,-1.0863138000962582,-0.8905858410970752,-1.1036189593935823,-0.9918684890529977,-1.0612027173562841,-1.0607462581897285,-0.9280368732217241,-0.6490891476502707,1.138511809980721,0.9102771589038784,1.0103682805981795,0.8643019754205589,0.9467944984124135,0.8909925225700379
0,-0.45190087187339106,-1.2236715365173327,0.18443624338649484,1.4086212434702876,1.121412073565631,1.1515439198639155,0.5124924555544011,0.6048774290898807,1.1367711328426888,0.6783305758097163,1.074224751939625,0.9384460648870834,0.7869329722538859,0.5745159788085471
0,-0.6587294704755623,-0.6587428179904078,-0.6692356583740655,-0.6739339609112772,-0.6497818103902634,-0.6706774793165965,-0.6467891118295952,-0.6676884563872013,2.250648544122207,3.3590755681062627,0.5021088414648881,0.10424804050851864,2.0574891934167683,-0.0765856548419195
0,-1.1803065241308248,-1.1644368005453498,-1.1745635872452302,-1.1116824353899377,-0.13595531118213516,-1.1456617232002932,-1.1671973787636638,0.17683245042098697,1.6050411013112824,1.0439068851355684,0.9866881420965036,1.0250192581575983,0.5938985533205958,1.0902650285606268
0,1.383097174016631,-1.1513345497418663,1.6215995248896071,-0.6093888100885565,-0.731894304281971,-0.7143935126731934,-0.4343810251974548
0,-1.0288826288207942,-1.0363655046128943,-1.123091779061936,-1.0197651154198468,-0.30697161529201494,-1.1022620915947698,-1.0640721014451584
0,-1.8517741452829415,-1.8768262583762338,-2.0542209445976805,-2.0318268570558455,-1.9023824271963623,-2.1209935008396057,-1.998430291255223,-0.11897636063958518,1.9177984500167495,1.5350846183767357,0.9344777702719316,1.301317296172679,2.0958499042539342,1.342911651712543
0,-0.7418248599548796,-0.7343207891518869,-0.7389946977363371,-0.7391168002549842,-0.7345937041524816,-0.7194576246808165,-0.7358946247727041,-0.7334098086296266,0.1880540781398487,3.810758106467988,0.3572335223402799,0.3912755166604548,1.750259233631102,0.3252053800736742
1,0.6661951269531887,1.0820473242000699,1.6680701497615853,-0.12416837779983049,1.1583980833086323,-0.1772873357194739,0.4455105386927394,0.017494480197784212,-1.3961112380524383,0.6836397785241591,2.4765224884650068,-0.2777645727004779,-1.2422661707682516,0.648414849639544
1,-0.7195724314207127,1.7145615926724278,-0.5845774399778342,2.3972191358281916,0.38690412513432265,0.8394933227671084,0.2675018417813759,0.21517565552269816,0.6735132182673846,-0.3485116974813552,0.3516252211239482,-0.7689531487249541,-1.6107715806272667,0.5898508293888507
1,1.4837639939698029,3.3109079726872794,-0.945762673330323,-1.082685252542705,3.3457982859056905,0.2881748297696779,-1.2651221290746748,-1.1082323878409406,0.24733387117741215,-0.8580657345594431,-0.8381122618564105,-0.09726980735702194,0.6891134463330544,0.40146124877765105
1,-1.7200652952492785,-1.0295136269871215,0.09825465179963652,3.235212537736115,0.6081194553310261,0.23407108454506947,-1.0941978029031474,-0.9192703743761732,-0.477844447248455,-0.4981215882888667,-0.49717827895315964,-0.048772509848310296,0.17257009617433627,0.21292844656130572
1,1.9857308449312348,0.7029788136045534,-0.043447733112859155,1.913582306087519,-0.9045501516934573,-1.4921822174287718,-0.3335746997343093,0.11383166150691124,-0.6676552246026589,-1.1468097300714515,1.37480212108854,-0.3954196807061182,-1.3791071907028019,-1.019919348132929
1,-1.448635450817559,-0.4218852083051735,-2.4178281193222637,0.1849071310457953,0.6283282786906353,0.43163298105573844,-0.22776344363700005
1,0.2986259163845943,0.6921857088759256,3.134252119459291,0.20849819294505878,0.5897919269135962,0.3207095810178023,0.3412180540348484,-0.5607550579539107,-1.4232654302608683,1.2507855148710185,0.9141017918481426,0.34882917670574076,-1.0540228087929726,-0.05004082202594187
1,0.8944375099241544,-0.14814257900203368,0.650910679740941,0.5901558203424021,2.675637091955445,2.780241545517978,-1.602557643379901,-1.0744728286721004,0.25232678508394807,-0.49882157340094857,1.1684140424712226,-1.1049242506858274,0.44251505513436473,-1.5012105474201374
1,0.19219055603240898,-0.010908012747510713,-0.32322581079578755,1.9054381162448222,2.1539289564694193,-0.9030158056546999,-0.36435870330699344,-0.381410954269361,0.17283455308272705,0.6023667245770866,-0.21545454249849508,-0.47502250395760964,-0.1340639615605236,0.6025392921413998
1,-0.38452619178518094,1.3628862693365216,-0.6033859982328567,0.44819167074524185,0.973518331862656,1.771665926919359,-0.4424066947595161,-0.5385599096798331,-1.0093876630818566,0.6592842868290419,-0.4736420322746812,-0.5383368538787069,1.3602316474977765,0.05883409213734207
1,0.17690448585336097,1.1899304843216112,-1.2247003275122825,-0.1913538399376966,0.6853717081551715,0.9123123958123487,-0.7119946605778721
1,-1.5253393798309172,-1.0173010747998446,-0.3146286419219211,1.7145389242967854,0.6793461330859609,1.5971695651689553,2.413780096822937
1,1.7352925393595326,0.6153077560677088,-0.10387875181799028,-1.0994008790571317,1.646562525815506,-0.7586742846714599,0.7174191935332884,0.6911283282855556,1.0129436308350506,-0.3753250121794139,-0.9016861664533706,0.021907101787232375,-0.1258888978992237,1.320339790827638
1,-0.1825839057560952,0.057648593132292474,-0.737640259590541,-1.663338887681264,0.21883050509652857,0.9750194323180879,1.0364683505021386
1,2.37030191240916,-1.5569901300971807,-1.1523129679131032,0.26113228582366826,-0.5988990150085145,0.09696809347004257,-0.819325008048013
1,-0.35428556476798967,-2.050298468002432,-0.6053083676975108,-2.2762888642982904,-2.7882787917612233,-1.7129530958542705,0.14184177648189214
1,0.6082246321973938,-0.4756665556654836,-1.422952548690154,-2.2777485975839067,-0.37892718726434316,-1.9160926809749272,1.034630745471213
1,-2.74887320601799,-0.0849162065360508,-0.029219734360600977,-2.6741296612650647,-2.3199980008084182,-0.1071106666492771,-0.003919733656929839
1,2.151464476134823,-0.025085237842553725,1.1106062633186575,0.4290355107464939,-0.11562023660259581,1.9553851914715146,-0.33369021239536606,0.27699944429079854,0.6482966593127765,0.19210762547458463,0.4489109537680341,0.37769240188687175,-1.2462655149316875,-0.7253814206629413
1,-0.7838648578490426,-0.7854323993310416,1.3931116876369034,0.047277055597237605,-0.259701436034914,2.582412052965072,0.9234954437962751,-1.5112128320754623,2.045925311208707,0.08580516124891921,0.401930983714608,-1.8398364979427968,-0.08628982343519856,-1.400808752390539
1,-0.02401126779205888,-0.9241507809479411,-0.1499568969899428,0.9126112273903613,3.606825268012546,0.34088494823344656,-0.962344564104118,0.7886166712187322,0.6036606569439139,-0.608169148336842,-0.6169582847246827,-0.577579757332556,1.1250568528422469,1.1727276276145628
1,1.3289648314726497,-0.33419852778707093,0.030594613613284683,0.9712808715579047,-0.49524323516649016,4.963911034168275,0.44709475728768044,-0.8368499919290933,0.373978932819471,0.20700263873512018,-1.4807288680653854,-0.43812875019207037,-0.30341227436893575,0.32932819023988724
1,1.0892622877963467,4.6901338688959076,-0.22487922651520903,0.8814609480444384,-0.016165076223405874,-0.7512741901191815,0.4607585736727426,-1.054911286873072,-0.6352802743481654,-1.537450193346827,0.8032996310382468,-0.5096626829708023,-1.1239702768158093,0.019199314655686778
1,0.7490816234139392,-2.9512665538439693,1.1590365366695325,-1.4843549581204885,-2.7462741956559884,-3.0550673958187913,-3.155613932604246
1,3.646794660420708,0.9488032451702291,-0.855643180372349,0.3961320557724522,1.320508764625572,-0.9693248723948804,-0.8157306052046012,-0.532226522150283,-0.17090359453923243,-1.291391506320743,-0.8769295785871287,0.5280633530819777,-0.4155906919138693,-0.10421326931486144
1,-2.3112794839308948,-2.2751909649686195,0.4917938378740375,-2.290734253514575,-1.870418227801455,0.4139758917578155,-2.2334373921686796
1,-1.9174225376525746,0.1770086503986247,0.8068400814262453,-1.2789537975592025,-0.9603433210115871,-1.7221617512116454,0.44059361336296843
1,-0.3871966525453586,-0.783226500278903,-0.09363875639433007,0.2433891163591802,-0.9027620513104777,0.17852198858688162,1.7658376439741685
1,-2.0434409521230057,-1.7499180580868738,-0.3706422496093138,-0.19245860129923245,-1.5698412422549641,-1.9345040080505118,1.1942801866926593
1,0.584953383634615,-0.11469115080053503,-0.8100936692793049,2.044864600908943,1.571939659596956,2.257754781635583,-1.2458523707517446,1.6594320826513593,0.3191317042189995,0.11928279286809,-0.5939554770836913,-1.7542169356345145,-0.9124841602191313,-1.5294450731989475
1,-0.42763711357714457,-0.9510439022972288,2.0014686975214295,1.2422521970779339,-0.6393722191777003,-0.7761941614153106,1.368771297103612,0.3856719786117447,-1.326991756279705,0.2386106873459475,-1.0046648904203281,-0.04503173133524252,0.08397763582353455,0.13238868954053554
1,-0.6853367437597465,2.50715502879884,2.051420653637746,-0.3546150054550231,0.9273313948934351,-1.0904568075745875,-0.5400858602755799,-0.2597552035916386,0.037905014467682394,-0.470208664577594,1.4533440010187857,-0.6707622844423604,-0.19401938808809546,-1.1731312232944682
1,0.08415197216584765,2.624403626547854,-0.18708736283110397,-0.3379505779475976,1.5676547455265453,1.1887479385106947,-1.0453380894015072,0.8379977995474254,0.8400386891933199,-0.7392586682713735,-0.40328071426691764,0.24627363445175782,0.8815801550130272,-1.5964799774147809
1,-1.4971438745196206,-1.403900315275771,2.068745979983714,-0.09067792415755759,0.48097197399901587,0.021773966504545324,-1.2169899481047244
1,0.7468944484157157,-0.6510398532510561,-1.0372503929688544,-0.22753327219689198,-0.9075989725578769,-1.4990354293583013,0.2993221134594288
1,-1.0488559119052694,0.5616779835274774,-1.6745544495587836,-1.6847741955027786,-2.0490820177618114,-0.6704697613419951,-1.9070864351083368
1,2.091563168192009,-0.30037756934952914,-1.2726518555547948,-1.4475523360123228,-1.4075905199503944,0.14074863207347377,0.4251433214680275
1,-2.390409567400471,0.18029597585588503,-0.01876823729747154,-0.03169472870788107,-2.519070269921098,-2.2127442045198324,-0.0650298405303796
1,-0.5832283646705022,-1.6321037957491535,-1.048452066465687,2.5331588141798047,-0.5310376087079297,0.7544551015774427,1.9770806487823498
1,0.02880812699558975,1.7831030816153683,2.4567944890789155,0.9690049081247483,1.819176607227574,0.23579643095088623,-0.420780294785224,0.478991121142148,-0.2916107237151283,0.13458876347464255,-0.388655516487108,0.9231226700969735,0.8242644499785813,-1.269855192305269
1,-2.5223038212405493,0.24150875568434177,-1.8137382249758378,-1.908277724925208,0.32943731415773225,-2.706675319816849,-0.594286703450588,0.12839034765062202,0.9259137181573571,0.04470542009186005,1.0170029347038707,1.8910317023745435,0.6200529756789679,-0.5801211429251045
1,-3.004086120715132,0.30253254390570544,0.08008545212079496,0.3227951116937562,0.3391331893160172,0.3600950410166732,-2.4547233902617625
1,-1.026111496341632,-0.3099614459479595,-1.2818251721438343,0.6092383528300909,-0.8158448118585384,-0.5722277738164161,-1.3130173058175012
1,0.02920977852431605,-2.6870067014543637,2.0585496673282653,-0.30729492876312847,-0.06063302885209823,2.0107891416164354,0.483870503252098
1,-0.5820477432735013,0.9299493590556062,3.2477022148528913,0.5693598410873782,0.19432350772121618,0.6610091168998317,1.5716694663457194,-0.19161223347779524,-0.5700315809918669,2.1680074152988846E-5,0.12317765239931852,0.12472091263099834,1.6692481545610032,-0.805679337761573
1,0.04535380911053206,0.12863752283459437,-0.0743864876319089,2.2391426084735744,-1.2899093859626265,-0.05887756762034502,1.795153136844747
1,1.7327876806130038,-1.942378684097029,-2.2334402800337045,0.3733611171359865,-1.9551852264469802,-1.1639425789776818,-0.8400540827107595
1,1.4786749977727562,-2.000102232479984,0.3126947769020816,-2.3805262786710513,-2.342728052406425,0.42600916292888946,-0.7887599012832592
1,-0.07728109054876765,-1.3884591939490434,0.4151111319453661,-2.0815283240185485,-1.4313576372458194,-1.7541287245818449,0.5226530916001422
1,0.32613375233704167,0.22774029536425944,-0.24740666008348325,0.19557361697931405,2.684953761552461,3.3559697184124784,0.05610845486512639
1,-0.23433031855888745,4.889459785252605,-0.7071458235580785,0.01569402037181996,1.9685690134110665,-0.790616161125925,-1.7023648066218806
1,1.386103182549158,-0.8214305241180753,0.9195762891200393,-0.14287313067984014,-0.5071880653070563,-0.1697790006418467,-0.5180450114319877
1,-2.340483392731785,1.3723733182103754,-1.4505188465138221,-2.3468379066012264,-1.0258205414703183,-0.19334123373649256,-0.242938187512353,1.4303919757469723,0.2417652321132392,-0.10315183156378281,0.8442219786794791,2.0223813815803595,-1.524045855863872,1.6187955132875949
1,0.9531471259005625,1.8539149987751904,0.17693116720458818,0.27811541165385856,2.083054639410887,0.685789411413124,0.03423869595976113,-0.40390874060465976,1.0216750667490584,-1.1426028580255092,-0.8242244217628228,1.484565633477501,-1.4658593274735308,-0.5397444795593399
1,2.2376898470102575,-0.4552644696761547,1.9165646856001894,0.25117469848340307,2.1997900156271277,-0.8607037737732838,-0.9557285843224317,0.20144857285534534,0.01097658736613901,0.5715247134071482,-0.3645045577647059,0.36097765559676503,0.1361645110364179,-1.495229326225762
1,1.6075863511509985,0.042927003610949345,-0.006015067650452,1.8848962772310163,2.545721336302586,2.805370552396504,-0.5178832832015086,-1.3145601882313231,-0.024080963712760833,-0.29438588703695984,0.5133680626156514,-1.3196762385922776,-1.4103396877325483,-1.7646142901111446
1,2.331368113586276,1.9025523137117748,-3.502148148411616,1.4666845477531867,0.26269219939872107,4.851089911304837,-1.563673021598653,-0.3417399200664533,-1.1385862349157478,-0.3578579502434474,-2.031563382749807,-2.5539859289896847,-1.6679085469664936,-0.45113985760328523
1,-0.9749660731925652,2.000569573778347,-1.2671129602783116,-0.19408923650336185,2.341381536001528,1.3193140934485794,1.5421205693305138,-0.5754911579419691,-0.7780379580804108,-0.015601195556499622,-0.1783808078415577,-0.5054009694969829,-0.843285347486741,0.5449898212855789
1,0.20918485722620148,0.7991668530482383,-0.43689461181651107,0.5241937332172181,3.287059543315572,-0.0556477888539313,1.3748801428481823,1.9028063004961688,-1.1529588525091254,0.1466652203251048,0.35618383059173425,0.22395939729060135,0.005497807132882897,-1.5505406699382964
1,0.21998921123297788,0.1234662397319892,-1.6358518302947291,3.1117664379068843,-0.6021708024826795,1.679276725146499,-1.065678980747379,-0.33029387477343064,0.8076040551554359,-0.04879089283310341,-1.2617362306382132,0.7711830382192758,0.8597575975393235,-1.4585542339461488
1,-0.5760700284904191,0.029225912316570336,0.480316816756446,-2.4407662768651504,0.49197203659796956,-1.5358681454741332,-1.7787668863854391,-0.6220796506085873,-0.5218286817158293,2.559336487237826,-0.5671359434749723,0.15480825596457465,-0.7556924944414958,0.10502310700130027
1,0.9662351247534862,-0.5017858446295411,3.7080773492168397,0.019376911591051853,1.6532631378708313,0.8079567370607263,-0.09746996198808082,0.03686593370793317,0.2473554889802954,0.5117239767329359,-0.09969429516408777,-0.15805795818316584,-0.495263907950616,0.8244024601869143
1,2.223452248221473,-1.760882835638245,-1.1042548175578304,-0.5163370424218072,-2.053086612326617,0.19022922304170523,0.028534281425952372,-0.056534859642268245,0.2632959355441203,-1.0431124346751939,0.7437650467378252,-0.587780921953559,0.5624735907252651,-0.46868735540228434
1,2.7502407443439623,-1.4907848857195432,-0.9257897387857458,0.026518418950207234,2.0136461387400932,0.6669978259891176,2.4168490869757826,-0.21476495787138017,-0.6840241232325205,-1.453704234123495,0.32207817502936803,-0.5934343273489601,-1.1705691639979003,-0.32034743369373897
1,3.136032280918958,-0.6744778761533687,-0.14959454806557285,0.4040969245086748,4.567905365392099,0.33432445659161814,-0.36011187045846305,0.7839624632742324,1.3910319330257834,0.08274666992481718,-1.3364474729903313,-0.6004147345861819,2.117264596146133,0.3377662775634668
1,-0.3498228621645458,0.6273439232331636,-1.0294067852620383,-0.18358060520408853,-1.0457030525405349,1.8801150530339992,-0.5972459339610797,-0.567314756351062,-0.21287596700763586,0.06974491125324521,-1.3003211981053657,0.1771045163452526,-0.7871178838807699,0.46980734285526227
1,0.6283588062509057,-0.8492775502859344,1.5014550083488076,-0.6849189862952705,0.39614493512403254,0.5823895882696951,1.2359024967438899
1,-0.21282532891900005,0.6173424841466871,-2.019667341348116,-2.0053396220831172,-1.2528259601285179,0.864076556394326,2.2764500836642,0.05423256500297789,-0.9598244135601653,1.2704690573695894,-0.8736056743490254,1.0697069718843364,1.5975236186389785,1.5129832633179099
1,0.6177199856099432,1.7833945273734924,1.5597334944575951,-2.9868201831368544,-3.283356827605648,-0.061946633507386224,-0.03293272472918183
1,0.11553156439057072,2.065363138956114,0.8964064386429715,0.8892058170939746,-0.8362152489460465,-2.041980584495015,-0.27762951354102117,-0.9019363645100271,0.5621191669567027,-0.043087519820492255,0.6863807752207969,0.7850558484657962,0.4817908687392241,-0.14418524067249913
1,0.17327279895548323,1.8292652785875505,2.17045372512259,-1.5494200911547527,-0.22150763338287902,2.4362074011123878,1.9963604077657093,-1.1582868610876196,-0.4916764078405122,0.5725613855653796,-1.1709510461508792,-1.4799218581779292,1.6145431299264008,1.4903746621690515
1,2.8360566387623685,-0.6405499579670362,1.1641068201711504,1.652510134597598,-0.8246766881730202,0.6532891155013036,0.0015683876917636753,1.82799569256843,-0.510377495241656,-0.31490761046787297,0.41720932985940107,0.6381974431116187,0.15104596009227053,-0.2244848850637028
1,2.2644279133870455,2.1284308373288376,1.9139111546966752,1.3077918743069674,0.5214841200785157,0.36680344481395855,2.87825182546925,1.193820909785307,-0.6136725255850306,0.7339488378725461,-1.0822696823076254,-0.5562939443545438,-0.042094109164699,0.13988153228106295
1,-2.863133677905757,-2.323572652489966,-2.9163616193570885,-1.8154880618225195,-0.2029970010436332,0.5944624657002721,-1.001642599479869,0.19982241442614035,0.24208917695094567,-0.7172664929639084,0.4497767179463506,1.5861528132620306,-0.9145329258184747,3.6956609016871544
1,-1.2306596940169372,-2.5185692517585228,-1.4512762940198296,0.4280441002223317,-0.525855474560271,0.9340624831104518,0.6409131317161625,0.13397495827504532,0.8995981767409649,-0.4817662425857858,2.1169547399061264,2.890799960675776,1.577389130224461,2.1950148909946505
1,-1.2405103150924035,-1.113875716193927,-1.2092525658459128,0.6430189503224204,-0.4020237907179489,-1.3013320123360856,-1.1080396230184706
1,-1.68704315755588,-1.76905432792257,-1.9033384613113982,-2.512766977849368,-2.7883409760974005,-0.47596165574913546,0.38860107682705386,2.4093307283166223,-1.0101901185534419,1.7604766057487014,-0.3759019292109464,1.2642570440388685,2.1332115066644644,0.7811335548921667
1,-0.9342758106948188,0.9010410780218285,1.2029320655350768,-1.7048549312359484,-2.0203605949064176,-2.188028330502597,1.0818219689828037,1.1531744984806898,0.03727600773431733,0.1329858928186512,-1.2636916936238725,-0.17964997713008413,-0.19901519946557822,-0.5021752785197613
1,-2.5038306170500926,0.21136950194442783,1.7759391874970694,-2.3748267409591297,0.059359226964378356,-2.1170910541246006,-1.0572569458246914
1,-0.27166630910982204,-2.148785938525079,-1.3819057779832948,2.082526460015788,0.10182869377516379,1.7025369989829544,1.505513218714048
1,0.7433818368243426,-2.5804383363151833,1.8536139003745447,1.308613663608844,-3.315318648214635,-1.3364286363490863,-0.014535404113901217
1,0.32384669207324884,0.4715501640899643,-1.8274184565436544,1.0588809376785326,-0.717081555438604,1.1998687285821041,2.3699631657582434,-1.0163966119898618,0.07093913747596813,0.20443411564865177,0.09094675896882964,-0.38292220345886147,1.0237961527038275,-0.6518198054805516
1,0.4610774000386461,0.023157611533275953,-2.080181086382479,-1.9387513669405159,-0.1721792823953448,-2.037083673636841,-1.2948771585838517,0.18881935242872785,1.9035848096279175,-0.42255451338094246,-0.23522390646101965,-0.8165113211972214,2.5479340810151543,2.4062015733191813
1,1.5347882278277063,1.4018029073335525,-1.0864135056469497,-0.28270835452767556,-2.289749634626891,-0.6911275164787045,1.8444798888157234,0.5400773828161016,0.013324784437804323,-0.141054479285622,-1.0193947657176876,-1.2438151530084476,0.8566177183800191,-0.6633193896230962
1,-0.3655939926397748,-1.0212321016140469,-2.46904664144755,1.3040822245540622,-1.8846173022394266,-2.866253793695175,2.045057453916297,0.3233786166038123,-0.14779224677665445,-0.48653729252037536,1.299977064684401,1.245789763909303,0.2508469675208174,-0.018188192667233705
1,-1.9625371257514215,0.13805146796306783,-1.7104956201814179,-2.1234405462887347,-1.590605024885976,0.7318439123081516,-2.236464122586452,-0.32705636704331975,1.5060076775984488,-0.5959295599240733,1.2171890265058833,0.13235895268900275,0.1652665845765908,-1.6299958562220693
1,-2.069027281512769,-0.5724944369243304,-1.7904511949307287,-1.04234474264022,0.004293998509099365,-0.2362983679143972,-1.9472887152011933,0.05079848931063396,0.2581413127949702,-0.46889711013490504,0.2367311401842298,2.316112288057093,1.6800778795693971,2.3488711878600776
1,-2.13648525764172,-0.22558706053729968,0.08242750070550793,0.29056421238429897,0.6563926006888859,-1.916894994316749,-0.03251062470974669,1.3983067196878778,0.8649372380316172,-1.036223352642332,-0.0586327381924454,-1.1406088997617994,0.9055081963549607,1.7658748083443492
1,0.21197599204845446,-1.7099031951746102,-0.9896698422914555,-1.7184077135832891,0.5176659004814705,0.9839034240370511,0.028589785110634862,-0.6881902644296579,0.3697943750511053,1.8982213667382588,0.8032730439580761,1.6013746912243978,-0.8483207725953554,-0.9326144450192893
1,1.8557619762802204,-2.15386387670268,0.624627501786452,-2.053078543121007,-2.5034813797423165,-0.9158324086018235,-0.696715834612893
1,-2.826752165958887,-1.5855494902204585,0.6432515014571201,-2.4556819626021493,-0.28809932169799796,0.16227607591698023,0.3982834656568973,0.3011809784932796,0.14667189336508138,0.2103366066073472,0.26948717838282654,0.7500732151895134,1.5961884935743245,1.7727498639672696
1,-1.9556593373623206,-2.672852484404776,-1.2989311002299846,-2.4925583473119968,-0.9776363358419125,0.016836727009221186,-0.20519467112686568,-0.6630110474869616,1.7958307684204353,2.816081771834824,-0.8843869738490443,-0.7752257973275387,1.5413615341868812,-0.3601024576695003
1,-1.802402169093845,1.1003319595396965,0.2511517081163846,-0.1436131302225027,-0.08366246722058648,0.21593654799111206,2.046462983734198
1,0.0031304784127731467,-2.16046832178706,-1.4639011421157833,-2.8483378889401165,1.0237565419522314,2.029242800002427,-2.4702873043738744,-1.2533915899902062,0.8843170586708929,-1.0393530047168875,1.8060248596967887,-1.002806695915632,-1.1547621778982404,0.5765578220793783
1,1.0881636425926093,0.7998154673420246,-1.9726317752618694,1.5777374246468436,0.2785793796949585,-0.6700160056411761,0.3365549486945189,1.0836843685554163,-0.44489750628226055,2.064876685845264,-1.5160007722127087,0.0713337768173755,-1.0522154835450128,-8.332928142660772E-4
1,0.025669886352599945,-0.6599926241930782,2.466920355627597,-0.5306239077056764,-2.0226386246483137,0.31695976881897353,1.0196988949175465
1,2.454761912731128,-2.004342097646994,0.23548699122670846,-0.3545974961888506,-0.9152437435492538,-2.235891721520726,0.6974935136432605
1,-0.4202347110034844,0.6242345799873693,-0.8858767216737007,-2.1695749694970665,-2.594731793014236,0.19216364092806634,0.10184275126993486,-0.7795094894090128,3.0484962372653137,0.7589323039168653,1.692696522861376,-0.3308332255574067,1.9621644007189933,1.7210533573078828
1,-2.8224721252223284,-0.12955147729929903,-0.22833379997066033,-2.7181858985459537,0.3172240169134253,-0.7301894199911291,1.4602862696925545,1.440607722769658,0.5075353166591539,-0.5236172962698462,3.3798965547365487,0.38427255179777153,1.800390865283177,1.767937389098785
1,-2.716976282053064,2.294828638848682,2.7617776574467534,-0.5030257487431051,-1.9410298744312673,-0.7270268394724723,1.6860993645893918
1,-1.7433292794249544,-2.469564024875851,0.051495187922487355,-2.356516011116136,0.12347062450523177,-2.10027326130049,-0.1970026747299639
1,1.0155978608480423,-2.2474271459013244,-1.202588258298853,-0.47209583894458285,-0.8603964004764033,-0.2086939705392217,-1.0213768390875817,0.02398043704602042,2.523212451339029,2.254777353033109,2.007287739882489,0.3494590778304534,-0.7984945872260553,-1.5692886905022885
1,0.1675321763146692,0.1249118854386478,-2.113940955473917,-2.8311662523595214,0.1352945292467616,2.4314021048262924,-0.08430137824536293,2.9430127042437886,1.28123280940994,0.35262618488052117,-0.3365402805220783,0.11771833554850607,1.401133563751961,-0.002644037536514486
1,-1.96385023287809,-0.30585290668579224,0.8884338553534686,-0.007252020305399742,-1.6567778762193253,-1.1969213338811944,0.3426254490477698,-0.14530443510937924,1.4772430790092352,0.07060421712934496,1.0730835953275315,0.7178623723821368,2.0118917222336004,-1.7826462842696806
1,-0.3331181936976605,0.20141969108948798,2.3355442229855448,-0.22630461022389597,-1.791242142325617,-1.6844523538155785,0.4434974649653032
1,-0.059853023244060825,2.8947999837427294,1.843710604335976,0.3553930549382129,-3.1622762450890556,-2.5226035668311826,-2.151113535833281
1,2.0804013654983198,-1.8593753363192524,0.5998198936811515,-0.22454374515315917,-1.3203410022289808,-1.8208568542015815,-2.610424995255791,-0.41364192038376635,-0.11293688359881981,0.6170765411478633,1.834628984356657,0.8357583848427168,0.31013344903512163,0.39863611610812216
1,2.116144203654363,1.0738531607701702,-1.8068114196219036,-0.04892472727108907,-1.681475925185416,-0.3405550764368841,-1.7604685299642466,0.22978192141176776,-0.034035677849470404,0.951993284083021,-1.0631542701888286,0.8967506012149695,-0.5309859301927651,-1.534642014398476
1,-1.585353439514824,-2.5953606711815036,-1.4765032291580142,-0.2418388099134745,1.0266937109064809,-0.5292999755765693,0.42783822137139116,2.391620232427125,-0.4562784789923806,2.5078922220400077,0.8953303386237212,0.45388797165480405,-0.7977996300621295,1.7043678994207718
1,-2.4011426039824246,-2.028322785656359,0.3072317429697521,0.210069562938032,0.7805396748493729,0.4128134361961361,-1.936737037085129,0.7202511825740484,2.4247933347600816,1.7691453545656866,0.24023712074954548,-0.8781962298705696,0.005428431819261641,3.1356715978106844
1,-3.242295174209379,-3.08508704845107,0.4485526059655051,2.775760650969308,-0.35509999341133025,-0.4543635171778334,-1.3658784276825275,-0.5781145763191458,0.5008866863529271,1.221934177033216,-0.08566624633202051,-1.5604124000616055,2.8066430120047703,5.572352051924221
1,-0.33032793610617994,-2.4956389537897397,-0.49357276300664726,-1.9032516645288409,0.9359127249327465,-2.5586562806064257,-2.3566688289576643,0.1361028483491153,1.6047250757747646,0.872994318857781,2.213220053942685,-0.6731632533052151,-0.470399947098484,-0.5796575271389655
1,0.1486508090817287,-2.0701252270142065,0.08871342739368783,0.3088480164502217,-1.3701697739927774,-2.2662944854793143,-1.3165339343597762,-1.3149414324187294,0.6318003490763333,1.7667125560930463,0.14079490353750787,-0.8991989774110465,0.8167292351443638,-0.38828836513578024
1,-0.7436599584299325,0.06104079227451667,0.7756551593251623,-1.02657889995301,1.3166647879905795,2.136706593479623,4.674853451910359
1,-0.7287971192525635,-2.6177445824667886,-1.9316571210912967,0.22872849069574058,-2.035492911669723,-0.07003565874789969,-0.8761057990081451,1.539854981273047,-0.8109394653804215,1.7545866255398281,-0.096555258284752,2.212401270866293,2.0491607668336913,0.17663994672104166
1,-1.069985744745073,-2.280484060086246,1.6653477588501406,-2.02973363924564,-1.6920269238597134,-0.5237125627837997,0.21721445158106945,0.17157629223011617,-0.6697835431104642,-1.8859323958169703,2.52534112269002,0.6106408023810705,2.40672019316074,1.7089759414582784
1,2.521436154590103,0.7645767439775311,-2.6885665575891577,-2.285105078434087,-2.7330241442103853,-1.031566319501516,-1.5458401256973315,0.9505939467159101,1.5322631944096792,-0.7248177166599502,-0.9965636565925808,2.3659957260205973,-1.1563285974846633,-0.816445813751881
