0,-0.3212789929990059,-0.3281271681116164,-0.330076236654045,-0.32489688890861257,-0.32738450362879684,-0.3304986617944851,-0.3332353869854508,-0.3324406635622724,-0.3258298501600937,-0.3161072505026779
0,0.146032391959715,2.5853182732386015,0.515695254698226,0.34720551450194337,0.07165929783938921,0.09983511375274644,0.015668265838984743,0.08909566043821517,0.06418046979576336,0.08184298612510932
0,-0.011175738070218813,1.086793927260352,0.7142650416352986,-1.2508444782494188,-1.3202482425012212,-1.2712600604360194,-2.412933350567445,-1.7121101220963078,-1.497591470509569,-0.0019903127847285293
0,0.5901072491737063,-5.662072060565766,1.173022885099741,0.2314775011339207,0.35031366643667455,0.999150172564002,1.012696413481959,0.9002568107511111,0.41413456150567257,-0.6893204711254154
0,-0.6154080680648454,-0.1971386336515344,-0.9915437266551826,0.1935761337581528,-0.09247649686646439,1.1816853073250564,-1.1064847669514237,0.8577224242726239,0.03532912392361893,-2.0019668621253452
0,0.8611648893937661,-0.33343811383963373,-2.0286484037057093,-1.8808490344515416,-1.9913606613587842
0,2.1025651026793013,0.4004318997277129,0.8385388938920434,0.05481093286402865,-0.7141196934994771,1.1475391662693288,-0.32704994450681185,1.4171070539485786,0.24985721346281262,-4.759925814642462
0,-0.8903733427552457,0.8380694313536885,-0.020278226889437197,1.099264926034343,1.1014974786219085,2.3934960633329903,1.3964502049208147,-4.868174904249734,-1.8942025690967328,1.236365823654294
0,-2.9622547360024267,1.9771206183016277,-1.8866874670180316,4.207193719167718,-1.5016658159926164
0,1.0813853467869574,3.9643282802914808,-2.9424883817976104,2.7755017120556316,-1.6280762052803393,1.5141506164274627,-0.8158306674452065,1.5448013588316984,-3.9187693333581537,1.9724698174843442
0,0.06534713422698206,-1.1959970347358364,0.2228751369618641,1.7149588482118707,0.028032240226015,0.40472020022787225,0.7092143315554104,-1.0248910817031223,-2.734068760493195,1.5557470365389139
0,0.8386631932704527,1.9226767052690008,3.221216211787143,-0.7768905715541646,0.2495787479351267,0.5031541432712221,0.6593177814966447,-0.19119541270641024,-2.300203728864155,0.8087473481147528
0,0.16513780473528214,0.19478209611429664,-0.030973531884062024,-1.837449608544317,3.6787871003761325,-1.9203202332504374,0.3256303147084751,-0.17376050398949622,1.4660640543857044,-1.3747478718158863
0,2.426644403241222,5.926407287424798,5.490307500070513,3.9912638116991315,-1.620511136049007,-0.6323477228288685,3.012492939658799,2.4170759480148996,1.2318421613949457,2.589339561615508
0,4.50906116048346,1.1591555423820377,-1.2078525713272144,-1.8057412539744837,0.2913329221588656,-0.42973176430204435,1.1196476371692927,1.0597477272243172,1.1780141011124359,-1.0958668897249066
0,-1.4439384382171858,-2.6631184078159653,-1.0620591982719925,-0.02984806460015084,-2.6252945605427587,-2.470141577380887,-3.096218735322526,2.367821942276293,-2.238553827193321,0.2541727472904437
0,2.1747292270669503,-0.10503330266424388,0.8627649891108918,1.51114492341603,-2.8981305847346026,-3.019556713726041,-3.288259789013314,1.5227814865243987,-0.9245436914090273,2.1224066770608023
0,-2.3940383010964656,-2.6020292341513773,0.6680368163301108,-0.07888315880315258,0.45477023835546937
0,1.363799939457659,2.5778028597023317,2.3265393134525776,1.8307233908628044,1.8462299880123514
1,3.623710991984449,1.7743918024485035,0.2228223938022718,1.6530361175947295,0.8823539150181626
1,1.3578413061292114,-3.9062442878935553,-0.536035076895094,1.4854153208919973,0.4411767902057594
1,0.0075024013480814765,3.251835886850029,-5.778003609377937,1.2907936803450113,1.6061714982248236
