0,0.15082670309221477,-1.6583828217681642,-1.7264770524701991,-0.20668721600550496,-0.08582083524890528,-1.6167497324124394,-0.39876467719860764,0.439974326498352,1.2091209322881191,0.7298029716987666,0.43142880465944616,0.8493470422031312,1.3319170394026718,1.547734103243322
0,-0.911504630500255,-0.8965485478713833,-0.8584721451352861,-0.8988953850944728,-0.868189920312076,-0.8404710507666395,0.17606799306522045,0.26400573247428744,0.8081641310014392,0.7524997665978919,0.5093768292288501,0.4432390096513456,2.4202545906282404,0.7780928768044959
0,-0.8771692806081709,-1.020752054016199,-0.8782345756412216,-1.0095874050868254,-0.8650277488323606,-0.8459182301505254,-0.9981564140458212,0.574166421441575,0.9739812829708295,1.768120293632836,1.22288434071031,0.6828371008540036,0.35606184193554546,1.3450655435167207
0,-2.2135054707174766,-2.232502719797128,-2.1811125267857494,-2.2283468424734423,-2.182226756123748,-2.231438747757706,0.13861959009740932,2.0942875279991715,-0.2481338283267896,2.046720275323638,-0.4113579528557292,1.9966370855976994,-0.8169058898381757,-0.6027474780901314
0,-0.8774425118806255,-1.138273989049887,-1.0705847457436162,-1.086409531293337,-0.37186773606964385,-1.0877089494050505,0.12886807892057958,0.9907085579320336,0.43540925885494924,0.800114879763476,0.9016736833998727,1.2441216002617954,1.4012563192123026,1.7199408744875067
0,1.1929601709684718,2.2649054565787723,1.0572094200369464,1.1423967807579276,0.569264894118509,0.9190237844517145,1.1459517401713795,0.6201231911209865,0.8174344560422775,1.0533634964775092,0.7751340336171043,0.7919134233117904,0.6996866806028417,0.5807380892201173
0,-0.8334668363160812,-0.9139360925600437,-0.6057586257869304,-0.7306067759414497,-0.8924322983561741,-0.9234577485679786,-0.860099013773927,-0.01168514781228062,-0.25366687733508975,0.2699235383627276,1.240993480806678,1.9088767545467544,1.2345065432743663,0.029608373987942714
0,-0.415098109477558,0.23547857417865595,0.1592289091013183,0.24894245101728607,0.20100531676553723,-1.6452229437830226,-0.5222426892245446,0.8829916622624258,0.24308829520972122,0.27915255505133807,-0.0891471890525782,-0.18002189311384312,0.05660954039347017,0.027305842965295424
0,-0.8893847835549021,-0.8909666564025729,-0.8791546139444948,-0.8942588988555029,-0.908259107763784,-0.8905617040967124,0.27434850879758144,0.38918381318726913,1.24040574080098,0.22952841928885429,1.046622311590333,0.7731904992470038,0.6109481659139917,0.4570925947408914
0,-0.8993989042801963,-0.9110881012858266,-0.8904709655172101,0.7115893431624513,0.965336509935018,0.7987300161420634,0.5987761865880288,1.1594514478468483,-0.007797469022369727,0.22554447151946977,1.7469555408379698,2.073138640666274,0.7000247969806049,2.0450552417596004
0,0.44672529525626914,0.9800730213124412,1.2306927271013652,1.2939017977901666,1.7258824540157605,0.8030505804190086,0.27042985323274676,1.0466290470947397,1.108818913106633,1.6638524602564924,1.1082519249765883,0.5549773326980053,0.2482185980417783,1.1100030668277958
0,-0.29506993832851974,-0.29026972411440655,-0.28492967196691404,-0.28493178277239317,-0.28595482103171377,-0.28583590657756947,-0.28516539172733407,-0.28805783779435445,-0.2873986854485059,-0.2890467913337014,-0.28636525836871457,-0.28566493456126213,-0.2824421968799719,-0.28064203796066833
0,-0.8259152231961582,-0.7937423159718188,-0.7562673826372932,-0.8464992699326851,-0.8469266976954176,-0.7378269641475963,-0.8343338506211152,0.2822101858013845,0.6294911454925528,1.541787352479772,1.3534659725522187,0.713764656059186,0.5008370883899292,1.0173817051584884
0,-0.8067749357428214,-0.8260390455286906,-0.7959174833160931,-0.8397840238478869,-0.8096832099944667,-0.8149586019226779,3.2731802577881934,1.313200183285966,0.3676859454759702,1.0587220015190084,1.0304310913769135,-0.148445339772037,0.8581027532304547,0.05125088082930068
0,-0.95510640577627,-1.0022867241851043,0.9568918006542826,0.9289257306024011,1.0794804194758614,0.9918744895426439,0.9317346144826852,0.9034900738854492,0.8963649292433041,0.9634711499953198,0.8235017198898931,0.9925805680461848,0.9943664634270979,0.9416265904452762
0,1.0606428461305961,0.13422201496025957,-1.9887469092046326,1.370048229106394,1.886153058509362,0.3548077882813367,-1.0913023244603193
0,0.2482756764868361,0.24241332096836277,-0.24941793171597987,0.1385057391302239,-0.16615834259326756,0.4600560626356193,1.185593429987743,0.05622687482701589,-0.07984813221991544,0.05235728951419518,0.262202394457072,0.13270448938972718,0.0524483325099221,0.1399004665961101
0,-0.5117167738755507,-0.6514446682963501,-0.45215984037331297,-0.5861449010990385,-0.40001072179803204,-0.7139118214932632,-0.5286771223940788,-0.6021366357987319,-0.4468480574799802,1.5496741126703777,-0.433440857355614,-0.5357582744645712,-0.3226826557645411,-0.3014404963818719
0,-0.7240745248142042,-0.6989275977332073,-0.7398865176358176,-0.7488703445104662,-0.8022117627561568,-0.054239236002038116,0.26379874844711493,0.03650748648102237,-0.14544526911669758,0.3544351980418656,1.262036696947181,0.03652070486522319,2.715629926103502,-0.09956667258655835
0,2.7203434554902293,-0.790298172591495,2.885896319067951,-0.05788906434758122,2.9548736039746095,3.0448483309585535,0.7971437536754168
0,-0.15891255203527946,-0.32687007365600174,-1.0604560933499458,-1.0606729799307233,-1.1465561588049724,-1.0435032986378778,1.2816718499493993,-0.06994582866149937,1.4913448130521052,0.983119581053324,0.7618225648657238,0.03401972329166505,0.865799776236795,2.321363558592283
0,0.16384256719735582,0.35455887863229385,-1.3261403927430941,0.44416816137744536,-0.15328189938956605,-1.9895827032659867,-0.7720710030294653,1.6310040824481091,-0.027348512403313555,0.19549291833800003,-0.15089307175459155,-0.35091795016400495,0.11176242270981215,-0.6871126186119454
0,-2.06345303836419,0.12533110670847267,-0.14847114195014025,-2.003478742693736,-1.3185258758650755,-0.25143047364031046,-0.1092469756971468,-0.783959109232512,-2.0393035756572497,1.4997032333718612,1.051430798857661,1.3745055490831892,0.34088368014495546,0.16640501541596722
0,-0.2834440954868071,-0.24781789300686904,-0.22025841466051693,-0.1912280880154394,-0.14682792061830613,-0.15109484541500143,-0.15172643063896002,-0.14629787034529645,-0.141026274876693,-0.14981230495950842,-0.13910785501566322,-0.14045031209841358,-0.1380603143542585,-0.13250168603238113
0,-0.9619392042277671,-0.9666129776541665,-0.9802072953504335,-0.9516838476252607,-0.8586540953271619,-0.9354369493255327,-0.9308669239522404,0.5736630573441979,0.7831652743645612,2.2825481673499053,0.6166596728686334,0.2136527840739184,0.742258432701056,0.6182143307554109
0,-0.28677615427780356,-0.2879553519707951,-0.2459318754511952,-0.2872403704827097,-0.2934821742001921,-0.29778355502394893,-0.28837141701452323,-0.28794335286269856,-0.2718207178970896,-0.24274782700142186,-0.19207618275500657,-0.1639565141791453,-0.21865917458663378,2.1173574283609664
0,-0.3190379859008113,-0.31478462872418367,-0.29796235348574956,-0.2632441536826012,-0.19689485114546956,-0.1903775357356579,-0.16741187377328148,-0.14523446664523976,-0.11897616182450595,-0.1239400187292466,-0.0721285733913016,-0.06075315159419375,-0.05847865734726266,-0.022144679514344696
0,-1.2317862700875832,-1.3511529677158842,-1.302173461887065,-1.3157677830260992,-0.1648675668467514,-1.3389746664363016,-1.145408824425169,-1.1957544709182784,0.011160469786379973,0.8220044031530898,0.6662745343920321,0.9072358585358937,1.0171131098030528,1.4360374625081833
0,-1.961189034535341,-0.9963258324833804,0.5118734245663192,-1.9060497787108783,-1.4510911542889178,-1.151564238268203,-1.8594416598537267,-1.2655679747143498,1.3726311864698366,1.4559604965635937,1.0709537953052268,1.9666115464013323,1.8656739972440017,-1.032623949382301
0,-0.9216480802007944,-0.9170876157380691,-0.9088755515684329,-0.9072880867366537,-0.9329972064414136,-0.8972653126043946,-1.1708525043191913,-0.9274516489538658,0.8547361537311096,0.3223299850082861,1.348384680169274,0.9113183255360048,0.2786055758208102,1.0247330753023192
0,-0.9524367623395111,-0.9149644760350065,-0.9160858603571115,-0.946256880462946,-0.9769120956396903,-0.9803211194995552,-0.9004509850145328,1.2682025541794304,0.5033549984149744,1.0328184908831133,0.38531046903767363,0.4417822095051511,0.7953360870996404,1.7467803318161286
0,-0.8020683552436543,-0.8613582874980649,-0.9054152110220767,-0.8621444929747021,-0.9283980247435042,0.4762309217233721,-0.17474885101698304,1.178578435358105,1.3350099911152742,1.2210572904457608,1.6343355934649786,0.191030715702121,0.42930428774551005,2.338345536675552
0,-0.917616217403124,-0.9049137610461404,-0.7501436030394685,-0.9025975432986212,-0.9359747824944036,-0.8309958287220814,-0.869533310939584,-0.9596946449306576,0.48868291335222863,0.3611265367526112,1.5343689119533184,0.96593614106162,0.5255294042051605,0.602437370653725
0,-0.92413925190688,-0.956897886040095,-0.9646618876432451,-0.9772854368272722,-0.9110874433701814,-0.9547035840787564,-0.9510621645050091,0.776825027268323,0.9104436781281006,1.0189484611196287,1.3088976445399159,1.7196483310221893,1.1489783094950228,1.2574421476477795
0,-1.9513314898702956,-1.9444816292856322,-1.9500178758472972,0.20458166492985846,-1.9515687161984816,-1.9503542756246137,0.03232977766925366,1.6944226124253128,1.9246911912719298,-0.2046881815151635,1.9040726632874825,-0.24320329532544535,1.9182748117182895,-0.17629649954941676
0,-1.0134706680202181,-1.8102772648608916,1.4762211838026489,-1.776090842820908,0.1551131791509379,0.6721828295086526,0.07556404482761557,0.433535271359132,-0.32218180990614853,0.3142115379906681,0.4335352852471375,-0.051714656623011876,-0.003985165900815307,0.5528590609666675
0,-2.0619506827580034,0.22518968794865238,-1.905420255844952,-2.055728150705817,-1.934949615924974,-2.0585956454870376,0.12790337763684528,1.896743294417758,1.7495175697680891,-0.045102818514830195,-0.10503187718307974,-0.22861428127974998,-0.27258020388825976,-0.2321111943667176
0,-0.9465815697458523,-0.9312427808615336,-0.9424186262148883,-0.9483689111940107,-1.0869857454481686,-0.9831974805860307,1.025767792267231,1.154360787128102,1.1520567060043438,1.0929134601825725,1.0948385485050045,1.106038799815426,1.0481288050281432,0.9701891431090206
0,-1.4201262715470693,0.08455399631094185,0.0937749267708574,-1.5103170442455005,-1.196895479521414,-1.6434198693341542,-0.7273094481588974,0.24557134463578809,1.2050737184883415,3.665346648252172,1.4916828845761945,1.1019765754400568,0.626800069240591,0.9011888392757007
0,-0.6944014961580968,-0.7542941090688393,-0.6929647021062273,-0.7381322363838161,-0.8126259877778703,-0.753807128393837,-0.7912993205624042,-0.7283749492892599,-0.7247535037190086,0.49579839802591635,0.3152737995749825,0.5961457699165922,0.46848053269662276,0.6219721174875391
0,-0.5805108234864715,-0.550592730575821,-0.5464644441802254,-0.5511299174496755,-0.14260706970503045,0.09056038273586901,-0.04272580712437242,2.5039581189867164,-0.2815691067401832,-0.2742606268091736,0.09802577452865034,-0.29815155447391184,-0.06966722457313304,-0.1750515962781722
0,-0.9421506226488477,-0.9741882999071331,-1.0647993352052918,0.9197321587700078,0.9446908354483615,1.0013088540756956,1.0765929394147151,1.0000814624833456,0.9147654630757561,0.8934731846655121,1.010045993385253,0.8059189602084623,0.9639573856128493,0.9378705610683999
0,-1.2666915089030684,-1.3675644547898549,-0.7786616029283114,-1.2990897187407244,-1.3160739402278128,-1.349871024738618,-0.397196053776215,0.7925394121163614,0.9718851463723878,0.26001123922785774,-0.11075150636004627,-0.09773725479020817,0.19680652547167066,0.5226366456249528
0,-0.9109435164637313,-0.870336359726902,-0.8977590001368417,-0.8373474712574627,-0.8550897175462575,-0.8636470832704828,-0.8829700236542791,-0.8483225270250312,-0.9167225021467443,0.7654006887302653,3.141917900960915,1.1303857324491497,1.3548269589302406,0.4947792936798504
0,-0.5350301741524004,-0.8923754577055892,-0.40341082000597034,-0.6970964423739414,-0.39956975662544186,-0.504755061658682,-0.8135221077854153,-0.48285155632607496,0.42248012399560725,0.20280585320966218,0.2647297254064225,0.26192002154473065,-0.10405111640195583,0.6169736099056023
0,-0.9238593295571097,-1.0072441142097954,-0.8942573619611973,-1.222009072897249,-1.0920050049519,-2.19504608118699,-1.0111330157536755,1.299763123342277,1.1107419892999244,0.8050091488233161,0.8677621072964891,1.074172325837877,1.1535756454358226,0.9889787785940474
0,-0.952395986630473,-0.9503905697924901,-0.9427984171583144,-0.9582001948184058,-0.956381917911974,-0.9353742126104209,-0.9836231717361238,0.9734136401311272,0.8835543594366194,0.9849887599182895,0.9700816202451241,0.9359930752900798,0.9846786307230199,0.8842678084130906
0,-1.371699146930087,-1.2741610840080393,-0.8448154107693142,-1.3153939217159651,-0.8944544083698053,-0.4128637945886173,-0.014072937550241398,-0.8053109680477377,1.3536110782013504,1.7304095868745692,0.48505912318219563,0.2568788365685904,0.8950826355228731,1.6003768297203276
0,-1.149440465036286,-1.043215194689773,-0.8119905200188161,-0.9650860073178358,-0.002756208807600398,-0.009029330196731314,1.4373741496194061,-1.0244298838864498,0.11143838691862157,0.43277848473296604,-0.3233299523004232,1.7937429684735702,0.47058483883080293,-0.28552935445863364
0,-0.4063383451822057,-0.3954743720874976,-0.3847737788356951,-0.3696000135992679,-0.364807011000176,-0.3505193364805877,-0.3456249474336353,-0.338745517421378,-0.3404803925647959,-0.3363190960550514,-0.33750233126001045,-0.3324330364437559,-0.3310126769576754,-0.3409125658673642
0,-0.29828079380340095,-0.281879664991113,-0.559877954391397,-0.5692531836637101,0.029989156508290683,-0.10865643556235474,-0.07737761221274789,0.012092523489716568,0.0929459204540027,-0.12866407282585696,0.037500276275850605,0.011295709289321906,0.28964311790227143,3.1480773576747736
0,-0.9625727981446951,-0.9552642321588005,-0.9006374032664076,1.1587611654341585,1.2934507602861753,0.5944356897679337,0.8809831241552641,0.8755923035486595,1.002374938422476,1.098871595171103,1.4611171476952196,1.5476408309296603,0.951212290535736,0.8424737212443518
0,-0.4719104032065765,-0.45651727622218563,-0.46303503863947637,-0.4013476070513232,-0.49962422935267264,-0.49888620760021474,-0.3379183185953708,-0.48883744813557817,4.910424608805617,0.10687748752773665,0.1081643747591818,-0.10355558345716977,-0.1842527217875079,-0.237851831527704
0,-0.8191273614537704,-0.8218127755701529,-0.78808993447535,-0.8304603533841828,-0.7830658109206374,-0.853172206500121,-0.7914618467424669,0.5194396095388212,0.10428249958427788,0.6143841436968749,0.4387198123864034,0.04978460776653931,0.18574370197815004,-0.0260113657161264
0,-0.9371421634836589,-0.35002015556493027,-2.130007829705742,-1.868111770160353,-0.6623084877767768,-2.079174867642396,0.41929616177732754,-0.45838171742146633,0.6043010877522921,0.624426294988769,0.4918875379275915,0.35384651684108226,0.31954399493346186,2.0507057887488105
0,-0.7063143009762322,-1.094006253720778,-1.01274459615798,-0.7597251585053164,-0.5258736726479794,-0.9746773004492167,-0.8718566694978644,-0.31497222669620023,0.3373835053354369,-0.8160712090184817,-0.9616163791126289,1.7591580151198825,0.8087321475145844,1.0621441611533102
0,-0.8568378459323587,-0.7257105036347351,-0.4923382169783641,-0.7764310249298472,-1.3365270068310036,-1.161850314137793,-1.3021404133618038,-1.386030516267432,-0.4378654194337778,-0.9794888227984595,-0.595207242475352,-1.2463861481474166,-0.6452910719316366,0.18217876832869523
0,-0.843198066113228,-0.8402226864706553,-0.8772892432808518,-0.98811289030976,-0.6743243798260324,-0.7904020442381612,-0.8834564893829687,-0.9536560077472417,0.7915789122585315,0.3995462825734549,0.5244378258804113,1.166365627026978,0.012094949360940833,0.7409749897417696
0,0.646389674955229,-2.3873530478676916,-2.3829072435666716,-2.383443252089113,-2.386623974487613,0.6486091489327104,-2.3845402100303525,-0.3815348016700028,2.299061978007503,2.2927135649866655,-0.665894545211283,-0.6113718699385197,-0.6629870988455472,1.505215814811195
0,-0.9557661059048589,-0.9479390785744045,-0.9692668823781152,-0.9683172593022362,0.9629856992723471,0.9469974139139989,0.7244756308668304,0.9683793168778985,0.9510323629843678,0.8314862503065262,1.1423518914117137,1.0274139778690952,1.0418763265962234,0.8753712342226051
0,-0.942026559576273,-0.9565969570302808,-0.9213772937753544,-0.958055105740433,-0.9536898514160245,-0.9744873664040075,-0.9804862375171304,0.9415731219074185,1.0126012963865325,0.7088146061145342,1.9779957768091476,1.2794490310535662,0.9722927866470339,0.8253209363795038
0,0.3114708349219793,0.08634211518690037,0.3656760637492241,0.2885092156298337,1.1116504065651858,0.8788457015570584,0.739135261231238,0.3197847678362208,0.5681202572492096,0.4752893522633446,3.1935944654689417,0.940738157566239,2.0133787925812396,0.3816073713242765
0,-1.06923924097654,-1.1978324431019394,-1.1904915812920993,-1.1782768922656028,-1.12382355249711,-0.041580217807579235,-1.1594398987696346,-1.1781895149557469,0.12250431541107555,1.5906758209864775,1.030351133963942,0.9841486625524712,1.057270742874658,0.5483042523249307
0,-0.6875194484677187,-0.4644158130861151,-0.7316425147069142,-1.0569283483834684,-1.0593229042173324,-1.166180526438671,-1.1869477806176296,0.22270679893900075,1.6050621996378474,1.9166742581769094,0.9208977969245026,0.8519643593777015,1.1915659574554647,0.8545730564533365
0,-1.3282903362965082,-1.9378488959166291,-1.6415584179392007,-2.205574926844165,-0.7255912688346924,-0.9852259533667266,-1.948174088771898,-1.9533426414228967,-0.406930116516159,-0.7531263336252868,0.8442498060663901,0.8779331453468526,0.4556411768542189,0.38901057729847033
0,-1.2006540913235524,-0.31928579796783063,-1.1334376347878883,-0.2916070115014385,-1.183557487810657,-1.1555083106581094,1.1471081834760903,0.8014369989090346,0.8939933067120517,1.2603641685580662,0.8459760118867772,0.9889041703112543,0.7765558398991913,0.666856583914263
0,-2.2251348598303498,-2.2277702841290985,-2.226115254169173,-2.2172858230051817,-2.225659517190573,-0.005239177870228705,-0.21959268815194702,1.8297441063131934,-0.5031188560615656,-0.46616934511247377,1.8577860486292639,2.092980141587743,-0.4266996191416871,-0.4596716124394002
0,-1.855709838117192,-1.8438099869001072,-1.85168629953608,-1.8571298557585723,-1.8473501855934302,-1.8759877866048493,-1.7925858936291916,1.070045792117622,1.0601716115661954,0.569351714901599,2.3911439247547532,1.4592064840230354,1.664029913877902,0.3906402856230848
0,-0.9498914397258978,-0.9520508774884856,-0.9479864393254986,-0.9374122818339151,-0.9373485697432111,-0.9908829927791999,1.0222988603709764,0.9158099404445668,0.9569068215635059,0.922737178395082,0.9753314305551808,0.9650280410962414,1.0621610785971,0.8753622908772463
0,-1.0489135062500445,-0.9772200131724477,-1.0341168282929123,-1.034422126665281,-0.8268555648704978,-1.06930032969997,-0.2606995030007285,-0.22293955894846687,-1.0487366231270547,1.521114920369702,0.6572621807559466,1.3494452683720883,1.6964671173275137,1.6970485193247071
0,-2.286883572816692,-2.2768811355959646,-2.3096707946953576,0.6644788470401352,-2.3172232755842797,-2.346078595380049,-2.287944473611125,-0.16712417554564457,2.237362851452732,-0.3010032151634367,-1.2946138143089594,-0.8700668438269883,-0.8642369978619153,3.451289753579592
0,-0.7241557704351677,-0.8794305434152098,-0.8633251547439379,-0.7890380978674935,-0.9062676845936273,-0.8014840871684134,-0.9038155794817218,0.12190077618590472,0.9825481218935185,0.984281245255886,-0.06278870179261252,0.46192353418818116,0.8217817142644167,2.0153847206588265
0,-0.7804611368699674,-0.7769922784279126,-0.7910826394569648,-0.7851455630679891,-0.7752039614363031,-0.7882924504125911,-0.8251267709807211,0.37933561466673227,-0.021552861974186228,0.42082144323383563,0.268731197837675,0.9988439453378075,0.9117093966367267,0.6601000666255071
0,1.6095423732557854,-0.12328088609599391,0.3101701342771116,-0.829734433674264,-0.5633500783927438,-0.2608759018873891,-0.036648298738892325,0.5130478197328028,1.0315716620496767,0.46750029962253387,1.6306416865065054,1.3446764152815875,0.853135253797747,2.378513058220813
0,-1.0511684624847597,-1.151404085981875,-0.9856391445330118,-0.8828972025072569,-0.9319901833055949,-0.6940320417838562,-0.811541212305493,-1.5953687503914702,-0.9708697495103814,3.658421100486754,0.6110286696143292,1.0441240540962309,0.3550545419398675,0.41882861969695767
0,0.30436339931202133,0.8040743351339565,-0.026457478698876682,0.2881102130877559,1.3225206281038346,0.7678503443684517,0.8685085991249338,0.49260835108250123,1.2113998266383628,0.7383334814174153,0.2841208776301028,-0.15145617682615156,0.19154983178057844,0.808113199966724
0,-0.2977235432545227,0.22080135049828808,-0.28485037932561674,-0.3998212584660039,-0.13295909426316346,-0.16796386411767728,2.146299039600501,-0.12454173593937003,-0.23544790198759988,0.5898965001897454,-0.5642917766125414,-0.5849479310395742,-0.5735486982145828,-0.5666803497832303
0,-0.17624463945474816,0.34217347840088286,-0.1269556104787677,0.24474290620139735,-0.2405853865914268,0.4567594367356655,0.0361895104006227,-0.6132822113710954,0.1972700214699041,1.182389537707826,0.244749595164983,0.4884932317872488,-0.07834915268803716,0.5379637847127976
0,-0.9541298578807632,-0.9463967119085529,-0.9383616718013039,-0.9544308826348553,-0.9538224409770342,-0.93931019590137,-0.9834271358962721,0.9796103401078123,0.8879838811035669,0.9361166327563395,0.9643543472652364,0.9305244090322748,0.9566872879908019,0.9105818615429162
0,0.13077509708260668,0.15033137577673372,0.1410807988318039,0.1599986247004417,0.10526890575771047,0.15291614689578112,2.0718309401558446,3.2582500247937056,-0.37100055606144133,-0.713682086069446,2.7480060842539324,-0.8128066219449238,-0.5742033379964444,1.896064271573274
0,-0.9542064426604147,-0.9479016701611263,-0.9574606366399223,-0.9605025005294672,-0.9511470060094254,-0.9846946326870039,0.9924230333211075,0.9475800331450427,1.0119441399576192,0.9608561634594875,0.9481184628207202,0.9794100318995282,0.9450230389876056,0.851688039591761
0,-0.7575381686714794,-0.7343592112711137,-0.7556958576685459,-0.7628228532438044,-0.7630070913929026,-0.7538649668269658,-0.7477059802362499,-0.7459601851303054,0.31228844466506944,0.4318938580826454,1.922135589574048,0.26788032100848,1.9350507763705866,0.11429567863786604
0,-0.4691816394836302,-1.0275693897458813,-1.068868189268533,-1.0468632665006257,-0.935582748820565,-1.0536802381046617,-1.1151584644945345,0.6186624472020167,0.3650616861702429,2.7636573938609326,1.3247323380854599,0.10552292476710344,0.03512137439952655,0.7553849290495256
0,-1.1784129306449274,-1.1598396124908388,-1.1681658848153094,-1.1140281808588544,-0.11547968979722552,-1.1378650388567295,-1.1666016733099205,0.19509436331266397,1.606223475642582,1.04589529511073,0.9882244253589292,1.0233167970312271,0.5904703262291422,1.0926569261582078
0,0.06031072432004566,0.04879393272080617,-0.37858447828028663,0.09919209746126137,-0.09431058194567055,0.3902352283846286,-0.27810774565285373,0.010744247169449122,-0.24609395465409395,-0.2026854451096869,-0.17327121979320698,1.682994858491475,-0.2862103573468194,0.5864199846377472
0,-0.8144811931701231,-0.8644099949099289,-0.7239043060312413,1.7949131151663658,0.20382237863834504,-0.8704575350958988,2.156813230481844,-0.8609171102216772,-0.26284742789424637,0.859405577043856,2.1839170131918424,-0.22814151150241394,-0.6637051093369988,0.6847748071397557
0,0.22004467507734382,-2.0002770435393207,-1.6240857923994487,-1.6195315504178072,-1.681434842589683,-1.6718173465127113,-1.6270569977413034,0.08767542304341783,0.013617920434645173,0.0816916355226653,-1.0914210980506498,1.6977851811187004,-0.03692736871683661,1.4382257914654597
0,0.5273126573186185,0.4963080531595736,-2.0851185916435364,-2.12077891154279,-2.0994865345367804,-2.102865578654776,-0.3115254170755529,0.19858352696212933,1.6511454736389486,1.6780094766298166,-0.2150875609900142,-0.028968728600490278,-1.1228997080662524,-0.02872534165170358
0,-0.675309075291793,-0.7943322175944173,-0.8442996060917705,-0.786968691666935,-0.7737122498397915,-0.7977926456984114,-0.8383948151958133,2.4040454459395457,3.1834014155921464,0.6265651095859899,0.005404722536322568,0.30684572267651844,1.073873001613428,1.0476610803799529
0,-0.593678780750855,-0.6299965907896791,-0.6107467944986322,-0.6468758205217465,-0.6632717578191426,-0.6205587458211753,-0.6575514014654508,0.5705959383283873,2.3269775305975506,3.00315931530775,1.4626797513021714,-0.014097195715357254,-0.0788649599961404,-0.20223983676501428
0,-0.3754567539527899,-0.3726087247582199,-0.36803652782298407,-0.3756363709927653,-0.37524222499256393,0.400059427692246,-0.35994469794640066,2.2265964382801875,-0.09509262590935598,-0.357821252519343,-0.37570845482262333,2.780407357846997,-0.3739953576072492,3.600094675274741
0,-1.320567523344778,-1.4697078610254293,0.27368804617464537,-1.0697751112634213,-1.0880237281040466,-1.3903572255264607,1.4393951433729806,0.43131237393011995,0.8201471689359863,0.5665092210873885,0.8849175068325847,1.5300685751739345,0.1212024146168642,1.2026168600456564
0,-0.9121461548116093,-0.8937753955858168,0.6989834740074807,0.9541152631002165,0.7979945989871606,0.6024369249202399,1.154724000507521,-0.006436744302333452,0.22798449981111987,1.7526210712114196,2.080320724474712,0.7125499144525774,2.0189445636074805,0.46683538316041484
0,2.699766664010009,-1.4199882720911048,-0.7463413116448491,-1.2514762882503316,1.4622174837938753,-1.3453179986627422,1.0657143316252746,-0.2912065915182476,0.5241897159178286,1.723389449405027,-1.3017500268381361,0.04193421281235374,-0.13844146913077107,1.9508708306210936
0,-0.9411375458351253,-0.9906757788370429,-0.9685004772863196,-0.9514908019298158,-0.9268355096297847,-0.9886286170341941,0.8166346843154956,1.1960053503539805,1.4958348113014284,0.7780843159420148,1.1611340134903974,1.0443004354132674,0.5723867086006557,0.9985714710872323
0,0.46541570037700425,-2.2256431457452956,0.4983250860249901,-2.222989773504915,-2.247117038202687,0.5361368988199378,-2.253411468132432,-0.11639171263598913,-0.1582044844683534,-0.30240495564739717,2.2390558338222397,1.936172392757525,-0.6348990480694964,1.9429978456032402
0,-0.9063954400437485,-0.8767854644153857,-0.9462178704287377,-0.8490537339391585,-0.9150038176738439,-0.9115769575616356,-0.9318056528110336,-0.8871899076583918,-0.9121747984552356,2.664952932145835,0.6208153820622057,1.4072048966867468,0.7910067640692546,1.1744337244014547
0,-0.28357599035226133,1.0821306084144215,0.37945730051001525,0.0821594104299476,0.22860517252064647,-0.33847265102293356,-0.26000481229970035,1.8063971022847711,1.3453232796274748,-0.7377639582611033,-0.7596723450124917,-0.7470771020865771,-0.7564659677679066,-0.6425525557227575
0,-1.754829258079665,-2.886468752941738,-1.8062925976327098,-0.9736341408666076,4.353244160380382,1.2047148348959453,1.0745842133442223
0,-1.2379575848650803,-0.9993661490248192,-0.2839470717688763,-1.0721940509780163,-0.3224546471069903,-1.0147340401133162,-0.24422810033268402,-1.0518555102161349,0.46435862685556806,0.4012754509079476,0.8225244318396013,1.4129102216464646,1.9676459320636759,0.9393783869531293
0,-0.13754412922107134,0.07674933522101081,0.1142857240126156,1.5003652750948548,-1.1750407261561508,-1.199143335256969,0.5948451593658513,-0.49852640281052085,0.2980803830078093,-0.035090772141320836,2.0015768984663818,-0.023534097615442368,0.8969813500076572,-0.4135375358545702
0,-0.8999614736347293,-0.8287503736574122,-0.8280200101730033,-0.8272125849708035,-0.9210986935747263,0.8647043792846245,0.20086477974993652,0.5232388207857385,0.9121629937925547,1.490006804942668,1.5920137752718506,0.33089514044349216,2.663089648034743,0.33080782877452813
0,-0.9509675851351336,-0.5795248115288847,-0.8064416470368737,-0.8983833195390079,0.5476598577429056,0.27286407483194836,0.6818543501035877,0.6106463619813538,0.9057391011715927,1.409021873479186,2.1509739615613293,0.5338621988390603,0.4428240984752353,0.5045291547579577
0,-1.3905954348005956,-0.4583940060989596,-0.7380118657095885,-1.4478739959325815,-0.9712452521890544,-0.5279330258102476,-1.4145616474671436,0.20420701847086037,1.4685240721376271,1.391390366184338,-0.34250617250202897,1.0156836537836322,2.283402068592684,0.6711697997647369
0,-1.0863138000962582,-0.8905858410970753,-1.1036189593935823,-0.9918684890529978,-1.0612027173562841,-1.0607462581897285,-0.9280368732217242,-0.6490891476502708,1.138511809980721,0.9102771589038783,1.0103682805981795,0.8643019754205588,0.9467944984124134,0.8909925225700378
0,-0.4519008718733912,-1.2236715365173327,0.18443624338649475,1.4086212434702876,1.121412073565631,1.1515439198639155,0.512492455554401,0.6048774290898806,1.1367711328426888,0.6783305758097162,1.074224751939625,0.9384460648870833,0.7869329722538858,0.574515978808547
0,-0.6587294704755624,-0.6587428179904079,-0.6692356583740656,-0.6739339609112773,-0.6497818103902635,-0.6706774793165966,-0.6467891118295953,-0.6676884563872014,2.250648544122207,3.3590755681062627,0.502108841464888,0.10424804050851855,2.0574891934167683,-0.07658565484191959
0,-1.1803065241308248,-1.1644368005453498,-1.1745635872452302,-1.1116824353899377,-0.13595531118213525,-1.1456617232002932,-1.1671973787636638,0.1768324504209869,1.6050411013112824,1.0439068851355684,0.9866881420965035,1.0250192581575983,0.5938985533205957,1.0902650285606268
0,1.383097174016631,-1.1513345497418663,1.6215995248896071,-0.6093888100885566,-0.7318943042819711,-0.7143935126731935,-0.4343810251974549
0,-1.0288826288207942,-1.0363655046128943,-1.123091779061936,-1.0197651154198468,-0.30697161529201505,-1.1022620915947698,-1.0640721014451584
0,-1.8517741452829415,-1.8768262583762338,-2.0542209445976805,-2.0318268570558455,-1.9023824271963623,-2.1209935008396057,-1.998430291255223,-0.11897636063958528,1.9177984500167495,1.5350846183767357,0.9344777702719315,1.301317296172679,2.0958499042539342,1.342911651712543
0,-0.7418248599548797,-0.734320789151887,-0.7389946977363372,-0.7391168002549843,-0.7345937041524817,-0.7194576246808166,-0.7358946247727042,-0.7334098086296267,0.18805407813984862,3.810758106467988,0.3572335223402798,0.3912755166604547,1.750259233631102,0.3252053800736741
1,0.6661951269531886,1.0820473242000699,1.6680701497615853,-0.12416837779983059,1.1583980833086323,-0.17728733571947397,0.44551053869273927,0.017494480197784122,-1.3961112380524383,0.683639778524159,2.4765224884650068,-0.277764572700478,-1.2422661707682516,0.6484148496395439
1,-0.7195724314207128,1.7145615926724278,-0.5845774399778343,2.3972191358281916,0.38690412513432254,0.8394933227671083,0.2675018417813758,0.21517565552269807,0.6735132182673845,-0.3485116974813553,0.35162522112394806,-0.7689531487249542,-1.6107715806272667,0.5898508293888506
1,1.4837639939698029,3.3109079726872794,-0.9457626733303232,-1.082685252542705,3.3457982859056905,0.2881748297696778,-1.2651221290746748,-1.1082323878409406,0.24733387117741207,-0.8580657345594432,-0.8381122618564106,-0.09726980735702204,0.6891134463330543,0.40146124877765094
1,-1.7200652952492785,-1.0295136269871215,0.09825465179963642,3.235212537736115,0.608119455331026,0.2340710845450694,-1.0941978029031474,-0.9192703743761733,-0.4778444472484551,-0.4981215882888668,-0.49717827895315975,-0.048772509848310386,0.1725700961743362,0.21292844656130563
1,1.9857308449312348,0.7029788136045533,-0.043447733112859245,1.913582306087519,-0.9045501516934574,-1.4921822174287718,-0.3335746997343094,0.11383166150691114,-0.667655224602659,-1.1468097300714515,1.37480212108854,-0.3954196807061183,-1.3791071907028019,-1.019919348132929
1,-1.448635450817559,-0.4218852083051736,-2.4178281193222637,0.1849071310457952,0.6283282786906352,0.43163298105573833,-0.22776344363700013
1,0.2986259163845942,0.6921857088759255,3.134252119459291,0.2084981929450587,0.589791926913596,0.32070958101780217,0.3412180540348483,-0.5607550579539108,-1.4232654302608683,1.2507855148710185,0.9141017918481424,0.34882917670574065,-1.0540228087929726,-0.05004082202594196
1,0.8944375099241543,-0.14814257900203376,0.6509106797409409,0.590155820342402,2.675637091955445,2.780241545517978,-1.602557643379901,-1.0744728286721004,0.25232678508394796,-0.4988215734009487,1.1684140424712226,-1.1049242506858274,0.4425150551343646,-1.5012105474201374
1,0.1921905560324089,-0.010908012747510805,-0.32322581079578766,1.9054381162448222,2.1539289564694193,-0.9030158056547,-0.36435870330699355,-0.3814109542693611,0.17283455308272697,0.6023667245770865,-0.21545454249849516,-0.47502250395760975,-0.1340639615605237,0.6025392921413997
1,-0.38452619178518105,1.3628862693365216,-0.6033859982328568,0.44819167074524174,0.9735183318626559,1.771665926919359,-0.4424066947595162,-0.5385599096798332,-1.0093876630818566,0.6592842868290418,-0.4736420322746813,-0.538336853878707,1.3602316474977765,0.05883409213734198
1,0.17690448585336088,1.1899304843216112,-1.2247003275122825,-0.1913538399376967,0.6853717081551713,0.9123123958123486,-0.7119946605778722
1,-1.5253393798309172,-1.0173010747998446,-0.3146286419219212,1.7145389242967854,0.6793461330859608,1.5971695651689553,2.413780096822937
1,1.7352925393595326,0.6153077560677087,-0.10387875181799038,-1.0994008790571317,1.646562525815506,-0.75867428467146,0.7174191935332883,0.6911283282855555,1.0129436308350506,-0.375325012179414,-0.9016861664533707,0.021907101787232285,-0.12588889789922378,1.320339790827638
1,-0.1825839057560953,0.05764859313229238,-0.7376402595905411,-1.663338887681264,0.2188305050965285,0.9750194323180877,1.0364683505021386
1,2.37030191240916,-1.5569901300971807,-1.1523129679131032,0.26113228582366815,-0.5988990150085146,0.09696809347004247,-0.8193250080480131
1,-0.3542855647679898,-2.050298468002432,-0.605308367697511,-2.2762888642982904,-2.7882787917612233,-1.7129530958542705,0.14184177648189206
1,0.6082246321973936,-0.4756665556654837,-1.422952548690154,-2.2777485975839067,-0.37892718726434327,-1.9160926809749272,1.034630745471213
1,-2.74887320601799,-0.08491620653605089,-0.029219734360601067,-2.6741296612650647,-2.3199980008084182,-0.1071106666492772,-0.003919733656929931
1,2.151464476134823,-0.025085237842553815,1.1106062633186575,0.42903551074649376,-0.1156202366025959,1.9553851914715146,-0.33369021239536617,0.2769994442907984,0.6482966593127764,0.19210762547458454,0.44891095376803397,0.37769240188687164,-1.2462655149316875,-0.7253814206629414
1,-0.7838648578490427,-0.7854323993310417,1.3931116876369034,0.047277055597237515,-0.25970143603491413,2.582412052965072,0.923495443796275,-1.5112128320754623,2.045925311208707,0.08580516124891911,0.4019309837146079,-1.8398364979427968,-0.08628982343519866,-1.400808752390539
1,-0.02401126779205897,-0.9241507809479412,-0.14995689698994288,0.9126112273903612,3.606825268012546,0.34088494823344645,-0.9623445641041181,0.7886166712187321,0.6036606569439138,-0.6081691483368421,-0.6169582847246828,-0.5775797573325561,1.1250568528422469,1.1727276276145628
1,1.3289648314726497,-0.33419852778707104,0.030594613613284593,0.9712808715579045,-0.49524323516649027,4.963911034168275,0.44709475728768033,-0.8368499919290934,0.37397893281947087,0.2070026387351201,-1.4807288680653854,-0.4381287501920705,-0.30341227436893586,0.32932819023988713
1,1.0892622877963467,4.6901338688959076,-0.2248792265152091,0.8814609480444383,-0.016165076223405964,-0.7512741901191816,0.4607585736727425,-1.054911286873072,-0.6352802743481655,-1.537450193346827,0.8032996310382466,-0.5096626829708024,-1.1239702768158093,0.019199314655686688
1,0.7490816234139391,-2.9512665538439693,1.1590365366695325,-1.4843549581204885,-2.7462741956559884,-3.0550673958187913,-3.155613932604246
1,3.646794660420708,0.948803245170229,-0.8556431803723491,0.3961320557724521,1.320508764625572,-0.9693248723948805,-0.8157306052046013,-0.5322265221502831,-0.1709035945392325,-1.291391506320743,-0.8769295785871288,0.5280633530819776,-0.41559069191386944,-0.10421326931486154
1,-2.3112794839308948,-2.2751909649686195,0.4917938378740374,-2.290734253514575,-1.870418227801455,0.4139758917578154,-2.2334373921686796
1,-1.9174225376525746,0.17700865039862462,0.8068400814262452,-1.2789537975592025,-0.9603433210115873,-1.7221617512116454,0.4405936133629683
1,-0.38719665254535873,-0.7832265002789031,-0.09363875639433017,0.24338911635918012,-0.9027620513104778,0.17852198858688154,1.7658376439741685
1,-2.0434409521230057,-1.7499180580868738,-0.3706422496093139,-0.19245860129923253,-1.5698412422549641,-1.9345040080505118,1.1942801866926593
1,0.5849533836346149,-0.11469115080053513,-0.810093669279305,2.044864600908943,1.571939659596956,2.257754781635583,-1.2458523707517446,1.6594320826513593,0.3191317042189994,0.1192827928680899,-0.5939554770836915,-1.7542169356345145,-0.9124841602191314,-1.5294450731989475
1,-0.4276371135771447,-0.9510439022972289,2.0014686975214295,1.2422521970779339,-0.6393722191777004,-0.7761941614153107,1.368771297103612,0.38567197861174457,-1.326991756279705,0.23861068734594743,-1.0046648904203281,-0.04503173133524261,0.08397763582353446,0.13238868954053545
1,-0.6853367437597466,2.50715502879884,2.051420653637746,-0.3546150054550232,0.927331394893435,-1.0904568075745875,-0.54008586027558,-0.25975520359163873,0.0379050144676823,-0.47020866457759414,1.4533440010187857,-0.6707622844423605,-0.19401938808809555,-1.1731312232944682
1,0.08415197216584755,2.624403626547854,-0.18708736283110405,-0.3379505779475977,1.5676547455265453,1.1887479385106947,-1.0453380894015072,0.8379977995474253,0.8400386891933198,-0.7392586682713737,-0.40328071426691775,0.24627363445175773,0.8815801550130271,-1.5964799774147809
1,-1.4971438745196206,-1.403900315275771,2.068745979983714,-0.09067792415755768,0.48097197399901576,0.021773966504545234,-1.2169899481047244
1,0.7468944484157156,-0.6510398532510562,-1.0372503929688544,-0.22753327219689207,-0.907598972557877,-1.4990354293583013,0.29932211345942866
1,-1.0488559119052694,0.5616779835274773,-1.6745544495587836,-1.6847741955027786,-2.0490820177618114,-0.6704697613419952,-1.9070864351083368
1,2.091563168192009,-0.30037756934952925,-1.2726518555547948,-1.4475523360123228,-1.4075905199503944,0.14074863207347368,0.4251433214680274
1,-2.390409567400471,0.18029597585588494,-0.01876823729747163,-0.03169472870788116,-2.519070269921098,-2.2127442045198324,-0.0650298405303797
1,-0.5832283646705023,-1.6321037957491535,-1.048452066465687,2.5331588141798047,-0.5310376087079298,0.7544551015774426,1.9770806487823498
1,0.02880812699558966,1.7831030816153683,2.4567944890789155,0.9690049081247482,1.819176607227574,0.23579643095088615,-0.4207802947852241,0.47899112114214787,-0.2916107237151284,0.13458876347464246,-0.3886555164871081,0.9231226700969734,0.8242644499785812,-1.269855192305269
1,-2.5223038212405493,0.24150875568434169,-1.8137382249758378,-1.908277724925208,0.32943731415773214,-2.706675319816849,-0.5942867034505881,0.12839034765062193,0.925913718157357,0.04470542009185996,1.0170029347038707,1.8910317023745435,0.6200529756789678,-0.5801211429251046
1,-3.004086120715132,0.30253254390570533,0.08008545212079486,0.3227951116937561,0.3391331893160171,0.3600950410166731,-2.4547233902617625
1,-1.026111496341632,-0.3099614459479596,-1.2818251721438343,0.6092383528300908,-0.8158448118585385,-0.5722277738164162,-1.3130173058175012
1,0.02920977852431596,-2.6870067014543637,2.0585496673282653,-0.3072949287631286,-0.06063302885209832,2.0107891416164354,0.4838705032520979
1,-0.5820477432735014,0.929949359055606,3.2477022148528913,0.5693598410873781,0.1943235077212161,0.6610091168998316,1.5716694663457194,-0.19161223347779532,-0.570031580991867,2.168007415289716E-5,0.12317765239931842,0.12472091263099824,1.6692481545610032,-0.8056793377615731
1,0.04535380911053197,0.1286375228345943,-0.074386487631909,2.2391426084735744,-1.2899093859626265,-0.05887756762034511,1.795153136844747
1,1.7327876806130038,-1.942378684097029,-2.2334402800337045,0.3733611171359864,-1.9551852264469802,-1.1639425789776818,-0.8400540827107597
1,1.4786749977727562,-2.000102232479984,0.3126947769020815,-2.3805262786710513,-2.342728052406425,0.42600916292888935,-0.7887599012832593
1,-0.07728109054876775,-1.3884591939490434,0.415111131945366,-2.0815283240185485,-1.4313576372458194,-1.7541287245818449,0.5226530916001421
1,0.32613375233704156,0.22774029536425935,-0.24740666008348333,0.19557361697931397,2.684953761552461,3.3559697184124784,0.0561084548651263
1,-0.23433031855888753,4.889459785252605,-0.7071458235580786,0.01569402037181987,1.9685690134110665,-0.7906161611259251,-1.7023648066218806
1,1.386103182549158,-0.8214305241180754,0.9195762891200392,-0.14287313067984023,-0.5071880653070564,-0.16977900064184678,-0.5180450114319878
1,-2.340483392731785,1.3723733182103754,-1.4505188465138221,-2.3468379066012264,-1.0258205414703183,-0.19334123373649265,-0.24293818751235308,1.4303919757469723,0.2417652321132391,-0.10315183156378291,0.844221978679479,2.0223813815803595,-1.524045855863872,1.6187955132875949
1,0.9531471259005624,1.8539149987751904,0.1769311672045881,0.27811541165385845,2.083054639410887,0.6857894114131239,0.03423869595976104,-0.40390874060465987,1.0216750667490584,-1.1426028580255092,-0.824224421762823,1.484565633477501,-1.4658593274735308,-0.53974447955934
1,2.2376898470102575,-0.4552644696761548,1.9165646856001894,0.25117469848340296,2.1997900156271277,-0.8607037737732839,-0.9557285843224318,0.20144857285534526,0.010976587366138917,0.571524713407148,-0.364504557764706,0.3609776555967649,0.13616451103641783,-1.495229326225762
1,1.6075863511509985,0.042927003610949255,-0.006015067650452092,1.8848962772310163,2.545721336302586,2.805370552396504,-0.5178832832015087,-1.3145601882313231,-0.024080963712760924,-0.29438588703695995,0.5133680626156513,-1.3196762385922776,-1.4103396877325483,-1.7646142901111446
1,2.331368113586276,1.9025523137117748,-3.502148148411616,1.4666845477531867,0.26269219939872096,4.851089911304837,-1.563673021598653,-0.34173992006645343,-1.1385862349157478,-0.3578579502434475,-2.031563382749807,-2.5539859289896847,-1.6679085469664936,-0.45113985760328534
1,-0.9749660731925653,2.000569573778347,-1.2671129602783116,-0.19408923650336193,2.341381536001528,1.3193140934485794,1.5421205693305138,-0.5754911579419693,-0.7780379580804109,-0.015601195556499714,-0.17838080784155777,-0.505400969496983,-0.8432853474867411,0.5449898212855788
1,0.2091848572262014,0.7991668530482382,-0.4368946118165112,0.524193733217218,3.287059543315572,-0.05564778885393139,1.3748801428481823,1.9028063004961688,-1.1529588525091254,0.1466652203251047,0.35618383059173414,0.22395939729060127,0.005497807132882805,-1.5505406699382964
1,0.2199892112329778,0.1234662397319891,-1.6358518302947291,3.1117664379068843,-0.6021708024826796,1.679276725146499,-1.065678980747379,-0.33029387477343075,0.8076040551554358,-0.0487908928331035,-1.2617362306382132,0.7711830382192757,0.8597575975393233,-1.4585542339461488
1,-0.5760700284904192,0.029225912316570245,0.4803168167564459,-2.4407662768651504,0.49197203659796945,-1.5358681454741332,-1.7787668863854391,-0.6220796506085874,-0.5218286817158294,2.559336487237826,-0.5671359434749724,0.15480825596457456,-0.7556924944414959,0.10502310700130017
1,0.966235124753486,-0.5017858446295412,3.7080773492168397,0.019376911591051763,1.6532631378708313,0.8079567370607262,-0.09746996198808092,0.03686593370793308,0.24735548898029533,0.5117239767329358,-0.09969429516408787,-0.15805795818316593,-0.4952639079506161,0.8244024601869142
1,2.223452248221473,-1.760882835638245,-1.1042548175578304,-0.5163370424218073,-2.053086612326617,0.19022922304170514,0.028534281425952282,-0.056534859642268336,0.2632959355441202,-1.0431124346751939,0.7437650467378251,-0.5877809219535591,0.562473590725265,-0.46868735540228446
1,2.7502407443439623,-1.4907848857195432,-0.9257897387857459,0.026518418950207144,2.0136461387400932,0.6669978259891175,2.4168490869757826,-0.21476495787138025,-0.6840241232325206,-1.453704234123495,0.3220781750293679,-0.5934343273489602,-1.1705691639979003,-0.3203474336937391
1,3.136032280918958,-0.6744778761533688,-0.14959454806557293,0.4040969245086747,4.567905365392099,0.334324456591618,-0.36011187045846316,0.7839624632742322,1.3910319330257834,0.08274666992481708,-1.3364474729903313,-0.600414734586182,2.117264596146133,0.33776627756346667
1,-0.3498228621645459,0.6273439232331635,-1.0294067852620383,-0.18358060520408861,-1.0457030525405349,1.8801150530339992,-0.5972459339610798,-0.5673147563510621,-0.21287596700763595,0.06974491125324511,-1.3003211981053657,0.1771045163452525,-0.78711788388077,0.46980734285526216
1,0.6283588062509056,-0.8492775502859345,1.5014550083488076,-0.6849189862952706,0.3961449351240324,0.582389588269695,1.2359024967438899
1,-0.21282532891900013,0.617342484146687,-2.019667341348116,-2.0053396220831172,-1.2528259601285179,0.8640765563943259,2.2764500836642,0.0542325650029778,-0.9598244135601655,1.2704690573695894,-0.8736056743490255,1.0697069718843364,1.5975236186389785,1.5129832633179099
1,0.6177199856099431,1.7833945273734924,1.5597334944575951,-2.9868201831368544,-3.283356827605648,-0.061946633507386314,-0.03293272472918192
1,0.11553156439057062,2.065363138956114,0.8964064386429714,0.8892058170939745,-0.8362152489460466,-2.041980584495015,-0.2776295135410213,-0.9019363645100272,0.5621191669567026,-0.043087519820492345,0.6863807752207968,0.7850558484657961,0.481790868739224,-0.14418524067249922
1,0.17327279895548314,1.8292652785875505,2.17045372512259,-1.5494200911547527,-0.2215076333828791,2.4362074011123878,1.9963604077657093,-1.1582868610876196,-0.4916764078405123,0.5725613855653795,-1.1709510461508792,-1.4799218581779292,1.6145431299264008,1.4903746621690515
1,2.8360566387623685,-0.6405499579670363,1.1641068201711504,1.652510134597598,-0.8246766881730203,0.6532891155013035,0.0015683876917635836,1.82799569256843,-0.5103774952416561,-0.3149076104678731,0.41720932985940096,0.6381974431116186,0.15104596009227045,-0.22448488506370287
1,2.2644279133870455,2.1284308373288376,1.9139111546966752,1.3077918743069674,0.5214841200785156,0.36680344481395843,2.87825182546925,1.193820909785307,-0.6136725255850307,0.733948837872546,-1.0822696823076254,-0.5562939443545439,-0.04209410916469909,0.13988153228106287
1,-2.863133677905757,-2.323572652489966,-2.9163616193570885,-1.8154880618225195,-0.20299700104363327,0.594462465700272,-1.001642599479869,0.19982241442614027,0.2420891769509456,-0.7172664929639085,0.4497767179463505,1.5861528132620306,-0.9145329258184748,3.6956609016871544
1,-1.2306596940169372,-2.5185692517585228,-1.4512762940198296,0.4280441002223316,-0.5258554745602712,0.9340624831104517,0.6409131317161624,0.13397495827504524,0.8995981767409648,-0.48176624258578593,2.1169547399061264,2.890799960675776,1.577389130224461,2.1950148909946505
1,-1.2405103150924035,-1.113875716193927,-1.2092525658459128,0.6430189503224203,-0.402023790717949,-1.3013320123360856,-1.1080396230184706
1,-1.68704315755588,-1.76905432792257,-1.9033384613113982,-2.512766977849368,-2.7883409760974005,-0.47596165574913557,0.38860107682705375,2.4093307283166223,-1.0101901185534419,1.7604766057487014,-0.3759019292109465,1.2642570440388685,2.1332115066644644,0.7811335548921666
1,-0.9342758106948189,0.9010410780218284,1.2029320655350768,-1.7048549312359484,-2.0203605949064176,-2.188028330502597,1.0818219689828037,1.1531744984806898,0.03727600773431724,0.1329858928186511,-1.2636916936238725,-0.1796499771300842,-0.1990151994655783,-0.5021752785197614
1,-2.5038306170500926,0.21136950194442775,1.7759391874970694,-2.3748267409591297,0.059359226964378266,-2.1170910541246006,-1.0572569458246914
1,-0.27166630910982215,-2.148785938525079,-1.3819057779832948,2.082526460015788,0.1018286937751637,1.7025369989829544,1.505513218714048
1,0.7433818368243424,-2.5804383363151833,1.8536139003745447,1.308613663608844,-3.315318648214635,-1.3364286363490863,-0.014535404113901309
1,0.32384669207324873,0.4715501640899642,-1.8274184565436544,1.0588809376785326,-0.7170815554386041,1.1998687285821041,2.3699631657582434,-1.0163966119898618,0.07093913747596803,0.2044341156486517,0.09094675896882955,-0.3829222034588616,1.0237961527038275,-0.6518198054805517
1,0.461077400038646,0.023157611533275863,-2.080181086382479,-1.9387513669405159,-0.17217928239534488,-2.037083673636841,-1.2948771585838517,0.18881935242872777,1.9035848096279175,-0.4225545133809426,-0.23522390646101973,-0.8165113211972215,2.5479340810151543,2.4062015733191813
1,1.5347882278277063,1.4018029073335525,-1.0864135056469497,-0.2827083545276757,-2.289749634626891,-0.6911275164787046,1.8444798888157234,0.5400773828161015,0.013324784437804231,-0.1410544792856221,-1.0193947657176876,-1.2438151530084476,0.856617718380019,-0.6633193896230963
1,-0.36559399263977493,-1.0212321016140469,-2.46904664144755,1.3040822245540622,-1.8846173022394266,-2.866253793695175,2.045057453916297,0.3233786166038122,-0.14779224677665453,-0.4865372925203755,1.299977064684401,1.245789763909303,0.2508469675208173,-0.018188192667233795
1,-1.9625371257514215,0.13805146796306775,-1.7104956201814179,-2.1234405462887347,-1.590605024885976,0.7318439123081515,-2.236464122586452,-0.32705636704331986,1.5060076775984488,-0.5959295599240734,1.2171890265058833,0.13235895268900266,0.1652665845765907,-1.6299958562220693
1,-2.069027281512769,-0.5724944369243306,-1.7904511949307287,-1.04234474264022,0.004293998509099273,-0.2362983679143973,-1.9472887152011933,0.05079848931063387,0.2581413127949701,-0.46889711013490515,0.23673114018422972,2.316112288057093,1.6800778795693971,2.3488711878600776
1,-2.13648525764172,-0.22558706053729977,0.08242750070550783,0.29056421238429886,0.6563926006888858,-1.916894994316749,-0.03251062470974678,1.3983067196878778,0.864937238031617,-1.036223352642332,-0.05863273819244549,-1.1406088997617994,0.9055081963549606,1.7658748083443492
1,0.21197599204845438,-1.7099031951746102,-0.9896698422914556,-1.7184077135832891,0.5176659004814704,0.983903424037051,0.02858978511063477,-0.688190264429658,0.3697943750511052,1.8982213667382588,0.803273043958076,1.6013746912243978,-0.8483207725953555,-0.9326144450192894
1,1.8557619762802204,-2.15386387670268,0.6246275017864519,-2.053078543121007,-2.5034813797423165,-0.9158324086018236,-0.6967158346128931
1,-2.826752165958887,-1.5855494902204585,0.64325150145712,-2.4556819626021493,-0.28809932169799807,0.16227607591698015,0.3982834656568972,0.3011809784932795,0.1466718933650813,0.21033660660734713,0.26948717838282643,0.7500732151895133,1.5961884935743245,1.7727498639672696
1,-1.9556593373623206,-2.672852484404776,-1.2989311002299846,-2.4925583473119968,-0.9776363358419126,0.016836727009221095,-0.20519467112686576,-0.6630110474869617,1.7958307684204353,2.816081771834824,-0.8843869738490444,-0.7752257973275388,1.5413615341868812,-0.3601024576695004
1,-1.802402169093845,1.1003319595396965,0.2511517081163845,-0.14361313022250277,-0.08366246722058658,0.21593654799111198,2.046462983734198
1,0.0031304784127730552,-2.16046832178706,-1.4639011421157833,-2.8483378889401165,1.0237565419522314,2.029242800002427,-2.4702873043738744,-1.2533915899902062,0.8843170586708928,-1.0393530047168875,1.8060248596967887,-1.002806695915632,-1.1547621778982404,0.5765578220793782
1,1.0881636425926093,0.7998154673420245,-1.9726317752618694,1.5777374246468436,0.2785793796949584,-0.6700160056411762,0.3365549486945188,1.0836843685554163,-0.44489750628226066,2.064876685845264,-1.5160007722127087,0.0713337768173754,-1.0522154835450128,-8.332928142661689E-4
1,0.025669886352599855,-0.6599926241930784,2.466920355627597,-0.5306239077056765,-2.0226386246483137,0.3169597688189734,1.0196988949175465
1,2.454761912731128,-2.004342097646994,0.23548699122670838,-0.3545974961888507,-0.9152437435492539,-2.235891721520726,0.6974935136432604
1,-0.42023471100348453,0.6242345799873692,-0.8858767216737008,-2.1695749694970665,-2.594731793014236,0.19216364092806626,0.10184275126993476,-0.7795094894090129,3.0484962372653137,0.7589323039168652,1.692696522861376,-0.3308332255574068,1.9621644007189933,1.7210533573078828
1,-2.8224721252223284,-0.1295514772992991,-0.22833379997066042,-2.7181858985459537,0.31722401691342517,-0.7301894199911292,1.4602862696925545,1.440607722769658,0.5075353166591537,-0.5236172962698463,3.3798965547365487,0.3842725517977714,1.800390865283177,1.767937389098785
1,-2.716976282053064,2.294828638848682,2.7617776574467534,-0.5030257487431052,-1.9410298744312673,-0.7270268394724724,1.6860993645893918
1,-1.7433292794249544,-2.469564024875851,0.051495187922487265,-2.356516011116136,0.12347062450523168,-2.10027326130049,-0.197002674729964
1,1.0155978608480423,-2.2474271459013244,-1.202588258298853,-0.47209583894458296,-0.8603964004764034,-0.20869397053922178,-1.0213768390875817,0.02398043704602033,2.523212451339029,2.254777353033109,2.007287739882489,0.34945907783045327,-0.7984945872260554,-1.5692886905022885
1,0.16753217631466913,0.1249118854386477,-2.113940955473917,-2.8311662523595214,0.13529452924676152,2.4314021048262924,-0.08430137824536303,2.9430127042437886,1.28123280940994,0.35262618488052105,-0.3365402805220784,0.11771833554850597,1.401133563751961,-0.0026440375365145777
1,-1.96385023287809,-0.30585290668579235,0.8884338553534685,-0.0072520203053998335,-1.6567778762193253,-1.1969213338811944,0.3426254490477697,-0.14530443510937932,1.4772430790092352,0.07060421712934487,1.0730835953275315,0.7178623723821367,2.0118917222336004,-1.7826462842696806
1,-0.3331181936976606,0.2014196910894879,2.3355442229855448,-0.22630461022389606,-1.791242142325617,-1.6844523538155785,0.44349746496530307
1,-0.059853023244060916,2.8947999837427294,1.843710604335976,0.35539305493821277,-3.1622762450890556,-2.5226035668311826,-2.151113535833281
1,2.0804013654983198,-1.8593753363192524,0.5998198936811514,-0.22454374515315925,-1.3203410022289808,-1.8208568542015815,-2.610424995255791,-0.41364192038376646,-0.11293688359881991,0.6170765411478631,1.834628984356657,0.8357583848427167,0.3101334490351215,0.39863611610812205
1,2.116144203654363,1.0738531607701702,-1.8068114196219036,-0.04892472727108916,-1.681475925185416,-0.3405550764368842,-1.7604685299642466,0.22978192141176768,-0.034035677849470494,0.9519932840830209,-1.0631542701888286,0.8967506012149694,-0.5309859301927652,-1.534642014398476
1,-1.585353439514824,-2.5953606711815036,-1.4765032291580142,-0.2418388099134746,1.0266937109064809,-0.5292999755765694,0.42783822137139105,2.391620232427125,-0.4562784789923807,2.5078922220400077,0.8953303386237211,0.45388797165480393,-0.7977996300621296,1.7043678994207718
1,-2.4011426039824246,-2.028322785656359,0.307231742969752,0.21006956293803192,0.7805396748493728,0.412813436196136,-1.936737037085129,0.7202511825740483,2.4247933347600816,1.7691453545656866,0.2402371207495454,-0.8781962298705697,0.005428431819261549,3.1356715978106844
1,-3.242295174209379,-3.08508704845107,0.448552605965505,2.775760650969308,-0.35509999341133036,-0.4543635171778335,-1.3658784276825275,-0.5781145763191459,0.500886686352927,1.221934177033216,-0.0856662463320206,-1.5604124000616055,2.8066430120047703,5.572352051924221
1,-0.33032793610618005,-2.4956389537897397,-0.4935727630066474,-1.9032516645288409,0.9359127249327464,-2.5586562806064257,-2.3566688289576643,0.1361028483491152,1.6047250757747646,0.8729943188577809,2.213220053942685,-0.6731632533052152,-0.4703999470984841,-0.5796575271389656
1,0.14865080908172862,-2.0701252270142065,0.08871342739368773,0.3088480164502216,-1.3701697739927774,-2.2662944854793143,-1.3165339343597762,-1.3149414324187294,0.6318003490763332,1.7667125560930463,0.1407949035375078,-0.8991989774110466,0.8167292351443637,-0.38828836513578036
1,-0.7436599584299326,0.06104079227451658,0.7756551593251622,-1.02657889995301,1.3166647879905795,2.136706593479623,4.674853451910359
1,-0.7287971192525636,-2.6177445824667886,-1.9316571210912967,0.2287284906957405,-2.035492911669723,-0.07003565874789978,-0.8761057990081452,1.539854981273047,-0.8109394653804216,1.7545866255398281,-0.0965552582847521,2.212401270866293,2.0491607668336913,0.17663994672104158
1,-1.069985744745073,-2.280484060086246,1.6653477588501406,-2.02973363924564,-1.6920269238597134,-0.5237125627837999,0.21721445158106936,0.17157629223011608,-0.6697835431104643,-1.8859323958169703,2.52534112269002,0.6106408023810704,2.40672019316074,1.7089759414582784
1,2.521436154590103,0.764576743977531,-2.6885665575891577,-2.285105078434087,-2.7330241442103853,-1.031566319501516,-1.5458401256973315,0.95059394671591,1.5322631944096792,-0.7248177166599503,-0.996563656592581,2.3659957260205973,-1.1563285974846633,-0.8164458137518811
