1,8.69,8.69,8.69,8.69,7.36,7.91,7.36,7.7,6.7,5.7,6.07,5.74,5.4,5.06,83.66333333333333
1,1.535,1.4325,1.33,1.53,1.57,1.47,1.28,1.225,1.17,1.15,1.135,1.12,1.53,1.94,60.75666666666666
0,0.83,0.83,0.99,0.83,0.83,0.91,0.83,0.83,0.83,0.7849999999999999,0.8074999999999999,0.8074999999999999,0.83,0.91,0.74
0,3.02,2.76,2.36,2.2,2.165,2.13,1.9,2.4,2.21,2.11,1.96,2.11,2.26,2.01,1.82
0,2.0933333333333333,1.97,2.29,2.29,2.35,2.17,2.215,2.32,2.3400000000000003,2.0,2.318,2.745,2.9379999999999997,2.7133333333333334,2.7800000000000002
0,1.41,1.63,1.1,1.03,1.09,1.09,1.09,1.18,1.06,1.08,1.05,1.0150000000000001,0.98,1.13,0.985
0,2.26,2.26,2.26,2.26,2.26,2.26,1.82,2.39,1.75,1.58,1.65,1.45,1.55,1.79,1.59
0,2.0,2.81,2.05,2.12,2.52,2.08,2.18,2.215,2.25,2.59,2.26,1.93,2.3,2.04,2.22
0,1.83,1.65,1.835,1.79,1.8466666666666667,1.74,1.725,1.43,1.68,1.2850000000000001,1.28,1.4166666666666667,1.45,1.62,1.6800000000000002
1,6.455,6.0,4.706666666666666,4.62,4.34,3.785,3.59,3.24,3.2150000000000003,2.9,2.86,2.84,2.61,2.22,2.13
1,2.3,2.3,2.5,2.5,2.5,2.7,2.92,3.33,2.99,3.29,3.475,3.66,6.15,10.35,24.8925
0,8.12,8.12,8.12,8.805,9.49,10.21,10.256666666666668,11.66,11.6,12.19,10.49,12.62,12.17,11.35,12.94
1,2.87,1.97,2.45,2.75,2.37,2.16,2.745,3.33,3.12,2.98,3.17,3.36,3.0,5.09,84.295
0,3.31,2.98,2.62,2.57,2.79,2.5700000000000003,2.35,2.7,2.6,2.3,2.17,2.04,2.26,2.13,2.21
1,6.21,6.21,6.21,6.21,6.21,6.21,7.17,5.8,4.89,5.365,5.93,5.22,5.843333333333334,5.91,5.172
0,1.21,1.21,1.12,1.01,1.0733333333333335,1.29,1.1433333333333333,1.13,1.23,1.35,1.25,1.105,1.06,1.25,0.99
1,1.44,1.44,1.42,1.45,1.5575,1.665,1.8266666666666669,1.75,2.3466666666666662,2.74,3.78,4.736666666666667,9.375,11.42,130.705
1,2.89,2.75,2.5,2.97,2.6,2.12,2.67,2.12,2.38,2.64,2.7199999999999998,2.8,2.475,2.36,2.17
0,1.755,1.755,1.5666666666666667,1.665,1.68,1.85,1.69,5.86,5.05,4.45,4.99,4.695,5.11,5.199999999999999,5.205
1,13.16,13.16,8.215,3.64,3.53,2.6950000000000003,2.31,2.17,2.21,2.3866666666666667,2.36,2.815,12.479999999999999,75.11111111111111,122.09444444444443
1,32.975,32.975,32.975,32.975,32.975,14.2,9.93,8.79,9.14,7.88,8.12,7.6850000000000005,6.369166666666667,5.053333333333334,4.826666666666667
1,5.68,5.68,5.68,5.68,5.68,4.37,2.38,2.08,1.87,1.75,1.35,1.4,1.45,1.84,2.237142857142857
1,6.98,6.98,6.98,6.98,4.55,5.27,4.888333333333334,4.506666666666667,5.5,3.93,4.95,4.88,3.6966666666666668,5.43,6.295
0,1.9,1.9,1.9,1.9,1.9,1.74,1.9,1.65,1.4,1.74,1.82,2.07,1.18,1.61,1.79
0,1.22,1.22,1.64,1.35,1.12,1.1800000000000002,1.24,1.4,1.57,1.48,1.2,1.2833333333333332,1.46,1.36,1.58
0,2.33,1.89,1.57,1.72,1.71,1.6949999999999998,1.68,2.15,1.68,1.7,1.72,1.66,1.69,1.74,1.87
0,3.225,3.03,2.98,2.9,3.0574999999999997,2.8466666666666662,2.7033333333333336,2.45,2.73,2.75,2.47,2.365,2.26,2.55,2.475
0,5.73,6.06,6.7,6.49,6.28,5.9,5.9,7.2,6.6,6.31,5.755,5.57,5.8,6.37,5.94
0,6.3,5.6375,4.415,4.67,5.36,4.315,4.315,3.27,3.55,3.84,3.705,3.5700000000000003,3.5,3.55,3.6
0,1.12,1.125,1.13,1.32,1.34,1.36,1.135,0.91,1.16,1.14,1.19,1.25,1.31,1.53,1.22
1,5.13,5.13,5.13,5.3,4.77,4.404999999999999,4.04,4.21,5.525,6.84,15.93,8.755,2.97,2.64,2.875
1,10.53,10.53,10.53,10.53,10.53,7.34,6.03,3.98,3.57,2.84,2.2399999999999998,1.64,2.02,2.05,16.955
1,2.4,2.09,1.77,1.845,1.92,2.05,1.57,1.35,1.59,1.4,1.415,1.43,1.28,1.4,4.553333333333334
1,4.97,4.865,4.76,4.02,4.03,4.155,4.28,4.07,4.055,4.04,4.0649999999999995,4.09,4.15,4.21,5.02
1,3.9099999999999997,3.9099999999999997,3.9099999999999997,3.9099999999999997,3.9099999999999997,2.07,2.48,2.73,2.4,2.07,1.98,1.4,2.48,10.11,17.74
1,4.02,4.02,4.02,4.02,4.02,3.143333333333333,3.2,4.55,2.2,2.3,2.3,23.2,203.33999999999997,563.5,4103.033333333333
1,3.29,2.75,2.36,2.16,2.0700000000000003,1.98,2.15,1.9700000000000002,1.4,1.78,1.32,1.3866666666666667,1.55,0.98,1.7125
1,38.52,38.52,38.52,66.84833333333334,8.065,5.64,5.605,5.2425,4.88,4.83,4.67,2.96,4.12,4.6,425.2575
0,5.575,5.0,4.4,3.6,3.55,3.5,2.4,2.8,3.2,2.52,1.84,2.21,2.24,30.27,58.3
0,0.99,0.8,0.71,0.7,0.87,0.77,0.67,0.64,0.75,0.86,0.845,0.83,0.83,0.83,0.83
1,4.855,4.855,4.855,3.97,3.31,3.88,3.97,3.39,3.55,3.14,3.14,3.97,3.31,2.73,3.9899999999999998
1,1.8,1.4,1.5,1.6,1.54,1.61,1.475,1.34,1.7,1.58,1.64,1.53,1.2,15.93,756.7166666666667
1,72.05000000000001,33.7,8.5,4.966666666666667,5.050000000000001,4.95,4.85,4.5,4.2,4.75,5.806666666666667,6.863333333333333,21.3,1513.0,18682.333333333332
1,2.93,2.51,2.525,2.54,2.12,1.9566666666666663,2.04,1.6949999999999998,1.6133333333333333,2.03,2.425,2.98,5.466666666666666,12.885,25.138888888888886
0,5.38,4.329999999999999,4.135,3.32,3.37,3.11,3.5,4.3,3.18,3.53,2.72,2.6966666666666668,1.76,2.17,2.21
1,6.6,6.6,6.6,6.6,6.6,3.31,2.2,1.885,1.6,1.505,1.41,1.26,1.23,1.3133333333333335,1.2374999999999998
1,1.94,1.57,1.58,1.59,1.5,1.53,1.27,1.3599999999999999,1.45,1.53,1.61,1.33,1.4849999999999999,1.64,1.5366666666666664
1,3.5,3.5,3.6333333333333337,3.766666666666667,3.783333333333333,3.8,3.5,3.4,3.1,2.6,2.4,2.285,2.17,2.53,2.43
0,0.83,1.07,0.9899999999999999,1.07,1.16,1.07,1.07,0.99,0.99,0.99,1.32,1.16,1.18,1.29,1.35
0,2.67,2.67,2.48,2.98,3.06,2.52,2.58,2.64,2.5066666666666664,2.56,2.56,2.23,2.355,2.395,2.435
0,10.08,10.08,10.08,10.08,6.32,2.56,2.15,2.4,2.26,2.15,2.26,2.4,2.34,2.065,2.07
0,1.49,1.49,1.53,1.57,1.4,1.32,1.28,1.24,1.49,1.57,1.655,1.74,1.65,1.3199999999999998,0.99
1,1.98,1.98,1.525,1.07,1.4,1.57,1.16,1.07,1.07,1.07,1.115,1.16,1.365,1.57,3.475
1,6.65,6.65,6.65,6.65,3.5,3.19,3.2800000000000002,2.77,2.49,1.92,2.1,2.0,3.06,1293.2155555555557,2583.3711111111115
1,4.5,4.5,4.5,4.3100000000000005,3.99,3.6333333333333333,4.380000000000001,4.095000000000001,4.25,3.9519999999999995,3.893333333333333,4.36,4.1,3.9,3.6125
1,3.21,3.21,2.68,2.44,2.71,2.3449999999999998,1.98,1.865,1.75,2.21,1.87,1.36,1.465,1.57,18.216666666666665
0,114.88,30.33,14.38,4.88,3.88,2.73,3.14,2.56,2.81,3.06,2.48,2.4,2.31,2.6225,2.935
0,0.99,1.13,0.83,1.49,1.155,1.3625,1.57,1.18,1.1266666666666667,0.99,0.99,1.24,0.75,1.05,1.07
0,2.73,2.73,2.73,2.81,2.48,1.82,2.23,2.23,2.4,1.9,2.07,5.21,1.57,2.25,2.52
1,3.14,3.14,3.14,3.14,3.0,2.9699999999999998,2.94,2.62,2.69,4.12,4.11,4.07,3.96,3.85,3.24
1,30.845,30.845,30.845,13.2,7.753333333333333,6.32,5.76,5.02,6.01,5.109999999999999,5.109999999999999,4.21,5.21,4.796666666666667,6.035
1,19.79,19.79,19.79,19.79,20.25,12.286666666666667,12.03,11.504999999999999,10.14,10.666666666666666,10.87,11.21,8.88,8.74,9.768333333333333
1,7.59,6.045,4.5,4.1,3.6,3.94,3.53,3.557142857142857,2.9475,3.18,3.402,2.945,3.21,2.6199999999999997,2.066
0,1.98,1.98,1.6,1.38,1.55,1.29,1.38,1.4049999999999998,1.4049999999999998,1.43,1.3699999999999999,1.28,1.84,1.7149999999999999,1.63
1,38.11,31.75,32.735,33.72,34.88,32.730000000000004,30.58,28.1,33.06,15.29,16.461666666666666,17.633333333333336,5.37,3.31,3.97
0,3.26,3.26,3.26,3.26,3.26,3.26,2.98,3.225,2.76,2.5366666666666666,2.58,2.26,2.5,1.9849999999999999,1.89
0,1.16,1.13,1.0999999999999999,1.1833333333333331,1.2666666666666666,1.49,1.57,1.32,1.4,1.2349999999999999,1.07,1.65,1.26,1.26,1.0350000000000001
0,3.64,4.43,2.75,2.43,2.4400000000000004,2.45,2.41,2.54,2.15,2.51,2.3099999999999996,2.11,2.4,2.4,2.32
0,1.53,1.57,1.32,1.3999999999999997,1.4449999999999998,1.6099999999999999,1.49,1.57,1.57,1.57,1.4,1.4,1.4,1.5,1.93
1,4.63,4.63,3.72,2.685,2.4,2.98,2.73,2.685,2.64,2.07,2.31,2.645,2.98,120.0425,237.10500000000002
1,34.4325,34.4325,34.4325,34.4325,34.4325,20.628,5.295,2.9,2.19,1.9133333333333333,1.9066666666666667,1.9,1.8,1.7,1.6600000000000001
1,3.06,2.31,2.15,1.74,1.65,1.7349999999999999,1.82,1.49,1.82,1.4,1.49,1.57,1.32,1.3199999999999998,1.256
1,1.37,1.37,1.37,1.455,1.54,1.46,1.4,1.65,1.8375,3.72,4.55,2.15,1.9,1.74,1.525
0,1.98,1.74,1.65,1.815,1.98,1.9,1.82,1.98,1.82,1.57,1.655,1.74,1.65,1.52,1.61
1,1.47,1.47,0.93,0.98,0.955,0.91,0.9425,0.975,0.88,0.885,0.89,1.03,1.16,2.98,23.178
1,3.585,3.585,3.585,3.585,3.0891666666666664,2.5933333333333333,2.5366666666666666,2.48,1.65,1.65,1.4,1.65,1.32,1.65,1.9125
0,3.2,2.6,2.6,2.7999999999999994,2.9,2.9333333333333336,2.966666666666667,3.1,2.7,2.5966666666666667,2.4,1.96,2.37,2.2,2.435
0,4.449999999999999,4.449999999999999,4.449999999999999,4.449999999999999,4.449999999999999,4.449999999999999,3.98,4.103333333333333,4.76,3.83,4.65,4.45,4.38,4.12,4.55
1,2.23,2.23,2.23,2.98,2.81,2.64,3.47,2.56,2.81,3.06,2.56,2.89,2.4,2.73,2.708
0,2.15,1.3766666666666667,1.57,1.98,2.48,1.9,1.82,2.07,1.82,2.07,2.23,2.31,1.98,1.83,1.8900000000000001
1,1.445,1.18,1.11,1.05,0.9400000000000001,0.98,0.99,1.05,1.1025,1.155,1.17,1.2533333333333332,1.3900000000000001,1.21,1.5
1,5.64,5.64,5.64,5.64,5.64,4.41,5.03,5.27,5.44,3.6333333333333333,3.8,3.3,3.225,3.1500000000000004,3.3249999999999997
0,1.65,1.775,1.9,1.7349999999999999,1.57,1.74,1.49,1.4,2.07,1.98,1.98,1.98,2.31,1.82,2.07
1,2.42,2.42,2.42,2.83,2.76,2.69,2.69,2.48,2.375,2.27,2.1,1.93,2.35,2.11,278.852
1,1.1,1.2,1.3,1.1,1.15,1.2,1.0,1.0,1.0,1.0,1.05,1.1,1.16,1.02,1.025
0,4.6,4.6,4.6,4.6,4.6,2.1500000000000004,1.8,1.8,1.7,1.97,1.64,1.7349999999999999,1.83,1.83,1.745
0,1.5,1.5,1.6,1.6,1.6,1.8,1.6,1.8,1.4,1.5,1.43,1.44,1.45,1.405,1.565
0,8.08,9.600000000000001,11.120000000000001,10.985,10.85,11.1,10.65,10.11,9.93,10.53,10.11,8.78,8.69,8.6,8.68
0,1.0,1.0,0.9,0.9,0.9,0.9,0.9,0.9,0.8999999999999999,0.825,0.75,0.75,0.75,0.75,0.75
1,17.21,13.626666666666665,9.6,7.5,5.42,6.37,5.415,4.46,4.18,3.42,2.92,3.34,2.98,6.014285714285715,9.04857142857143
1,8.23,8.23,8.23,8.23,4.17,3.24,3.025,3.28,3.31,3.26,3.51,3.12,3.2,3.7,34.31666666666666
0,4.26,4.26,2.64,1.93,1.5,1.665,1.665,1.83,1.93,1.79,1.26,1.315,1.37,1.14,1.36
0,2.23,1.82,1.695,1.57,1.49,1.32,1.445,1.57,1.24,1.075,1.075,0.9099999999999999,0.915,0.92,0.98
0,45.120000000000005,45.120000000000005,45.120000000000005,45.120000000000005,45.120000000000005,45.120000000000005,2.15,1.07,0.91,0.91,0.83,0.95,0.74,0.74,0.74
0,1.4,1.24,1.4466666666666668,1.6533333333333333,1.32,1.2133333333333332,1.3066666666666666,1.4,1.49,1.16,1.16,1.16,1.24,1.09,1.1
1,4.824999999999999,4.06,3.4,2.54,2.51,2.9,1.98,2.36,2.1799999999999997,2.0,2.7,2.5,3.03,28.91,346.935
1,8.78,8.78,8.78,7.335,6.21,5.02,5.31,4.83,4.24,3.22,2.87,2.66,2.95,3.0566666666666666,138.50666666666666
0,3.0,2.88,2.76,2.525,2.29,2.5,2.76,2.6399999999999997,2.52,2.41,2.85,2.68,2.99,2.84,2.69
1,5.21,4.345,5.03,3.61,4.21,4.51,5.21,3.67,3.535,2.966666666666667,3.2620000000000005,2.76,2.01,2.36,13.628
0,2.6,2.25,1.9000000000000001,1.8,1.9,1.8,1.8,1.775,1.75,1.54,1.43,1.6,1.68,1.48,1.55
0,5.1,4.3,4.5,4.7,4.5,4.08,4.34,4.285,4.23,3.85,3.92,3.83,3.74,3.39,3.82
0,1.42,1.62,1.4,1.31,1.2249999999999999,1.4,1.435,1.4800000000000002,1.5619999999999998,1.82,1.3559999999999999,1.54,1.4249999999999998,1.4,1.4000000000000001
0,1.44,1.64,1.52,1.33,1.55,1.3849999999999998,1.48,1.6,1.37,1.67,1.62,1.81,1.675,1.54,1.53
0,2.52,2.52,2.52,2.425,2.33,2.56,2.87,3.18,2.74,2.57,2.66,2.75,3.01,3.065,2.93
0,14.53,14.53,15.670000000000002,14.77,14.47,16.4,14.58,15.04,14.125,13.21,10.99,12.24,11.93,11.62,11.02
0,1.865,1.865,1.865,3.0233333333333334,2.38,1.9,2.05,2.135,2.135,2.22,2.18,2.085,1.99,2.39,2.13
0,2.73,2.73,3.16,3.39,3.12,3.135,3.26,2.87,2.855,2.84,3.14,3.11,2.97,3.38,3.28
0,3.33,2.7,2.36,2.07,2.5,2.58,2.6687499999999997,2.7574999999999994,2.83,2.21,2.3200000000000003,2.3200000000000003,2.43,2.745,2.35
0,1.74,1.65,1.65,1.6916666666666664,1.7333333333333332,1.65,1.7349999999999999,1.82,1.78,1.74,1.78,1.82,1.8599999999999999,1.9,1.98
0,1.04,0.7233333333333333,0.81,0.91,0.83,1.1833333333333333,1.16,1.07,1.16,1.117,1.074,1.197,1.32,1.24,1.03
1,9.92,9.92,9.92,9.92,9.92,3.4699999999999998,2.355,2.645,2.635,2.4,2.38,2.66,3.79,6.86,30.038
1,19.0,19.0,19.0,16.4,13.26,12.024999999999999,10.79,9.39,6.89,7.34,7.225,7.11,5.46,5.69,6.1933333333333325
1,6.45,6.45,6.45,6.45,5.619999999999999,2.0933333333333333,1.6,1.4,1.2533333333333332,1.12,1.27,1.3,1.115,1.17,10.314
1,4.23,4.74,4.88,4.96,5.085,5.21,4.71,5.7,5.21,3.8,4.2775,4.755,5.21,5.54,4.38
0,4.5,4.5,3.69125,3.69125,2.8825,2.12,2.16,2.22,1.98,1.98,2.13,2.29,2.16,2.13,2.2199999999999998
1,4.13,4.092499999999999,4.055,4.185,4.15,3.9133333333333327,3.75,3.65,4.556666666666666,4.94,6.703333333333333,7.066666666666666,7.43,8.41,9.875714285714286
0,2.9579999999999997,2.9579999999999997,2.9579999999999997,2.9579999999999997,3.31,3.06,3.55,3.14,2.56,2.23,2.48,2.73,3.22,3.31,3.47
0,2.07,2.07,2.56,2.39,2.6,2.45,2.48,2.41,2.34,2.86,1.84,2.36,2.74,2.6025,2.465
1,3.88,2.02,1.93,1.8399999999999999,1.6,1.26,1.83,1.66,1.56,1.62,1.2520000000000002,1.74,5.09,18.85333333333333,32.61666666666667
0,4.79,4.79,3.64,2.98,2.8325,2.8325,2.685,2.4175,2.15,2.23,2.31,2.56,2.0866666666666664,1.97,2.045
0,1.16,1.32,0.9899999999999999,1.07,1.16,1.07,1.07,1.07,1.07,1.03,0.99,1.07,0.84,0.8,0.88
0,2.23,2.23,1.98,2.4233333333333333,2.56,2.64,2.48,2.396,2.23,2.73,2.3966666666666665,2.52,1.74,2.44,3.26
1,3.02,3.02,3.02,3.02,3.02,3.3200000000000003,3.62,5.7,12.796666666666667,6.72,7.01,7.88,47.93714285714286,73.50666666666666,105.13416666666667
0,1.6,1.85,1.84,1.73,1.755,1.78,2.23,2.4,2.21,2.2199999999999998,2.23,2.29,2.49,2.38,2.37
1,5.53,1.575,1.47,1.63,1.2,1.2349999999999999,1.36,1.1433333333333333,1.31,1.23,1.1500000000000001,1.52,1.885,2.25,1.3466666666666665
0,1.66,1.63,1.69,1.59,1.47,1.475,1.48,1.61,1.56,1.54,1.37,1.4,1.44,1.48,1.6733333333333331
0,4.005,4.005,3.49,3.02,3.64,3.28,3.89,3.715,3.54,3.79,3.85,3.89,3.93,3.55,3.56
1,4.13,3.31,3.31,3.31,4.13,3.31,2.8133333333333335,2.8133333333333335,2.316666666666667,2.17,2.35,2.05,3.32,6.0,178.428
1,40.45333333333334,40.45333333333334,21.526666666666667,11.025,10.02,8.155000000000001,6.72,6.6,6.66,6.07,6.18,5.93,6.27,7.459999999999999,13.07
0,1.155,1.4,1.24,1.325,1.2425,1.16,1.24,1.32,1.24,1.3199999999999998,1.4,1.24,1.155,1.07,1.32
1,3.335,3.335,3.335,3.335,3.56,3.255,3.6599999999999997,3.77,3.3266666666666667,2.9,2.5650000000000004,2.83,2.94,3.04,3.0566666666666666
0,5.9,5.9,4.55,3.9333333333333336,3.916666666666667,3.9,4.3,4.300000000000001,4.1,4.2,4.115,3.89,4.03,4.09,4.1
0,2.73,2.64,3.06,2.48,2.81,2.23,2.64,1.98,2.48,2.56,2.64,2.4975,2.355,2.84,2.38
1,2.01,2.01,2.01,2.135,2.12,1.79,1.6099999999999999,1.98,1.66,1.71,1.86,1.78,1.88,1.93,72.67166666666667
0,3.69,3.69,4.27,4.3149999999999995,4.36,4.475,4.59,3.98,3.75,3.52,3.5149999999999997,3.51,3.61,4.12,3.69
0,1.3,1.5,1.71,1.57,1.71,1.71,1.74,1.77,2.11,1.7999999999999998,1.7999999999999998,1.49,1.79,1.69,1.71
0,2.48,2.23,2.07,2.4,2.4,2.48,2.44,2.4,2.64,2.145,2.07,2.275,2.48,2.0149999999999997,2.12
0,2.81,2.56,2.23,2.31,2.15,2.4,2.73,2.48,2.4,2.23,2.07,2.275,2.48,2.29,2.26
0,3.72,3.635,3.55,2.895,2.6875,2.6875,2.6875,2.48,2.4,1.98,2.07,2.23,1.86,1.7966666666666669,1.7333333333333334
1,3.14,3.14,3.14,1.6949999999999998,2.89,2.15,1.99,1.73,1.745,1.76,1.55,1.94,1.52,2.44,9.363076923076925
0,2.48,2.23,2.07,2.4,2.355,2.31,2.4,2.065,1.98,2.23,2.15,2.215,2.2800000000000002,1.83,1.85
1,1.32,1.32,2.4199999999999995,1.8933333333333333,2.13,2.1550000000000002,2.18,2.068,2.07,1.91,1.9849999999999999,1.88,7.025,12.17,2.6700000000000004
1,12.07,6.635,4.36,4.46,4.38,4.71,4.55,22.395,7.77,6.03,5.426666666666667,5.7,4.903333333333333,5.292,7.41
0,4.38,4.38,3.97,3.8,3.64,4.38,4.175,3.97,3.97,3.88,4.005,4.13,3.67,4.07,3.88
1,15.17,15.17,15.17,15.17,15.17,15.17,6.713333333333334,5.36,4.56,4.89,5.095000000000001,4.38,5.62,5.37,4.5600000000000005
0,1.24,1.24,1.385,1.53,1.07,1.24,1.405,1.405,1.57,1.4649999999999999,1.3599999999999999,1.07,1.24,1.41,1.12
0,2.52,2.365,2.21,1.8033333333333332,1.3966666666666665,1.5283333333333333,1.66,1.56,1.46,1.61,1.41,1.4849999999999999,1.56,28.25,558.942
0,2.0933333333333333,1.83,1.8033333333333335,1.73,1.63,1.69,1.55,1.83,1.79,1.99,2.11,1.65,1.9566666666666663,2.03,1.835
1,2.48,1.65,1.87,1.31,1.28,0.93,0.9383333333333334,0.9466666666666667,1.07,0.97,0.87,1.4,12.543333333333333,23.686666666666667,71.3075
1,1.6,1.4500000000000002,1.3,1.7,1.4333333333333333,1.2666666666666666,1.1,1.31,1.63,2.16,2.03,2.8,3.8575,4.915,10.764000000000001
1,9.686,6.83,6.53,6.23,6.08,5.93,5.45,5.36,5.086666666666666,5.023333333333333,4.96,5.4,5.5,4.93,43.958
1,5.37,4.13,4.005,3.88,3.55,2.56,2.56,2.56,2.52,2.48,2.31,2.23,2.15,2.08,2.01
1,22.31,22.31,3.31,2.065,1.65,1.24,1.55,1.47,1.63,1.6,1.73,1.74,1.34,2.18,77.82666666666668
1,18.94,19.67,17.245,23.89,21.69,27.33,24.58,14.98,19.183333333333334,18.825000000000003,25.057499999999997,57.826666666666675,28.80666666666666,407.8766666666666,106.61
1,1.78,1.78,1.85,1.88,2.15,1.92,1.9849999999999999,2.05,2.29,2.39,2.375,2.36,3.98,7.36125,10.7425
0,2.45,2.32,2.62,1.94,2.15,2.31,2.19,2.07,2.31,2.4,2.355,2.31,2.48,3.31,2.145
0,1.63,1.01,1.0083333333333333,1.0066666666666666,1.12,1.27,1.245,1.22,1.19,1.19,1.04,1.0550000000000002,1.07,1.12,1.23
0,2.3233333333333337,2.3233333333333337,2.28,2.07,2.0149999999999997,1.89,2.0549999999999997,2.05,2.39,1.89,1.88,1.99,2.035,2.08,1.83
1,2.235,2.235,2.235,2.235,2.235,2.0825,1.83,2.05,2.2175000000000002,1.93,1.62,1.6,1.76,1.69,1.4933333333333334
0,2.65,2.93,2.91,2.48,1.98,2.4,2.56,2.4,2.64,3.39,4.13,4.21,5.37,5.95,10.83
0,1.4,1.4,1.42,1.3900000000000001,1.36,1.22,1.49,1.52,1.55,1.67,1.54,1.615,1.69,1.585,1.48
0,1.89,1.22,1.19,1.16,1.65,1.64,1.63,1.77,1.91,1.4,1.37,1.15,11.774999999999999,11.774999999999999,22.4
1,6.12,6.12,7.02,5.7,5.29,5.12,5.04,4.05,3.22,2.9316666666666666,2.643333333333333,2.73,3.06,3.39,2.118
0,6.9433333333333325,6.9433333333333325,6.9433333333333325,8.45,4.18,3.6825,3.185,3.455,3.06,3.505,3.08,3.0583333333333336,3.0366666666666666,3.0883333333333334,3.14
1,1.07,1.115,1.16,1.16,1.32,1.32,1.115,0.91,1.035,1.16,1.07,3.6350000000000002,3.6350000000000002,6.2,1789.26
0,1.5,1.5,1.5,1.2,1.3,1.0,0.9,1.0,0.9,1.0,0.86,0.75,0.95,0.84,0.75
0,1.6,1.6,1.6,1.24,1.32,1.07,1.195,1.24,1.24,1.07,1.07,1.115,1.16,1.32,1.155
0,3.72,3.72,3.72,3.72,3.72,4.46,3.64,3.856666666666667,3.9133333333333336,3.97,3.88,3.31,3.01,3.12,3.17
0,3.25,3.25,2.69,2.7,2.4,2.33,2.4,2.33,2.465,2.6,2.19,2.355,2.52,1.98,2.05
0,2.89,3.39,3.185,2.98,2.15,1.98,2.73,1.82,2.15,1.98,2.15,1.98,1.98,2.23,2.4775
1,2.325,2.325,2.325,2.325,2.325,2.19,2.12,2.21,1.9533333333333334,2.3525,2.14,2.245,2.35,5.0,494.5142857142857
0,1.54,1.88,1.4300000000000002,1.81,1.674,2.31,1.8814285714285717,1.3337500000000002,2.2100000000000004,2.4299999999999997,2.0533333333333332,1.82,1.92,1.62,1.33
1,18.68,18.68,5.32,4.3,3.31,3.64,3.31,3.06,4.21,3.06,3.25,3.44,3.455,3.47,267.8
1,32.230000000000004,32.230000000000004,32.230000000000004,19.42,19.42,6.609999999999999,2.12,1.4,1.09,1.15,1.27,1.31,2.7,88.51,110.728
0,3.06,2.81,2.4,2.48,2.73,2.81,2.84,2.48,2.355,2.23,2.56,2.64,2.4,2.64,2.56
1,1.58,2.38,1.87,1.79,1.6016666666666666,1.6016666666666666,1.4133333333333333,1.4416666666666667,1.47,1.33,1.57,1.42,1.27,1.77,291.4
0,1.79,1.58,1.34,1.42,1.38,1.43,1.48,1.28,1.43,1.26,1.09,1.36,1.4525000000000001,1.545,1.395
1,2.645,2.645,2.645,2.645,2.645,2.956666666666667,2.85,2.1,2.07,2.0466666666666664,1.38,1.63,1.5766666666666669,1.64,3.4866666666666664
0,2.1550000000000002,1.28,1.3399999999999999,1.4,1.86,1.6375000000000002,1.415,1.21,1.405,1.17,1.1,1.32,1.48,1.61,1.3900000000000001
0,2.44,2.385,2.33,2.02,1.83,1.91,1.62,1.52,1.5,1.48,1.53,1.5375,1.545,1.24,1.34
1,1.94,1.94,1.79,1.83,1.655,1.48,1.31,1.34,1.38,1.4,1.48,1.7,14.16,26.62,243.27666666666664
1,2.5,2.3,2.4,2.0,2.6,2.35,2.1,3.1,3.0,2.2666666666666666,2.833333333333333,3.4,6.48,17.989,29.498
0,2.8,2.88,3.55,2.82,3.57,2.8966666666666665,2.9333333333333336,2.97,2.68,3.29,2.9133333333333327,3.22,3.68,6.265000000000001,3.825
0,6.45,6.45,4.5875,4.77375,4.96,11.26125,17.5625,6.12,4.63,3.14,2.48,1.98,1.5924999999999998,1.5,1.69
0,4.6,4.95,4.68,4.53,4.12,4.91,4.93,4.95,4.92,4.4,5.003333333333333,5.49,5.55,5.35,5.03
0,2.4,2.4,2.4,2.3,2.2,2.36,1.82,2.05,1.95,2.19,2.19,2.2249999999999996,2.26,1.93,1.84
1,3.46,2.8699999999999997,3.6,3.5766666666666667,2.665,2.77,2.8516666666666666,2.933333333333333,3.73,5.07,8.04,24.215,40.39,117.21333333333335,420.4219999999999
1,1.9,1.82,1.345,1.82,2.23,2.4,2.4,1.32,3.22,3.265,3.31,1.07,2.2925,2.2925,3.515
1,1.99,1.84,1.69,1.84,1.56,1.18,1.2149999999999999,1.25,1.4,1.43,1.4,1.31,1.43,1.887,2.3440000000000003
0,6.03,6.03,6.03,6.03,6.28,5.29,5.29,4.835,4.38,4.38,4.38,4.585,4.79,4.505,3.64
0,1.16,1.16,1.16,1.16,1.16,1.24,1.22,1.2,1.135,1.07,0.99,1.16,1.16,1.24,1.16
1,3.59,3.046666666666667,3.18,2.87,3.4000000000000004,3.93,3.45,4.18,4.91,4.27,5.0,7.07,6.95,8.79,275.144
0,2.5833333333333335,2.04,2.37,1.9825,2.2600000000000002,1.67,2.05,2.205,2.0999999999999996,2.11,1.98,2.165,2.13,2.07,1.9649999999999999
0,1.57,2.1766666666666663,2.435,1.98,1.49,1.74,2.221428571428571,2.872,3.2479999999999998,2.88,3.12,3.0549999999999997,2.87,2.8600000000000003,2.8
1,19.26,19.26,19.26,19.26,19.26,4.71,2.56,135.388,5.04,3.39,2.685,1.98,1.82,4.13,265.7
0,1.29,1.29,1.21,1.53,1.49,1.49,1.57,1.57,1.65,1.57,1.365,1.16,1.3599999999999999,1.49,1.24
0,1.8599999999999999,1.65,2.89,1.74,1.65,1.32,2.4,2.235,2.235,2.07,1.82,1.98,2.07,1.9,1.98
0,1.73,1.69,1.65,1.54,1.43,1.54,1.54,1.65,1.55,1.6,1.615,1.45,1.31,1.25,1.48
0,2.64,2.64,2.64,2.64,2.64,2.07,2.07,1.82,1.9,1.8599999999999999,1.82,1.9,1.82,1.98,1.9
1,2.61,2.53,2.09,2.36,2.43,2.385,2.34,2.1333333333333333,2.33,2.7199999999999998,3.11,36.676,880.0339999999999,1723.3919999999998,102700.755
1,2.98,3.1,3.18,2.51,2.54,2.58,2.6100000000000003,2.64,3.07,2.8899999999999997,2.71,2.54,2.91,4.79,365.055
1,1.495,1.54,1.4,1.6,1.615,1.63,1.67,1.665,1.66,1.45,1.24,1.37,1.315,1.26,1.395
0,1.65,1.9,2.15,1.9449999999999998,1.74,1.8199999999999998,1.9,1.8599999999999999,1.82,1.695,1.57,1.82,1.57,1.74,1.74
1,2.75,2.703333333333333,2.8899999999999997,1.99,2.2,2.3,2.2,2.5,2.0,2.1,2.6,2.4,2.45,2.5,2.3
0,2.165,1.82,1.815,2.035,2.26,2.0866666666666664,2.4850000000000003,1.895,1.92,1.77,2.09,1.46,1.5833333333333333,1.72,1.41
0,2.0,2.0,1.9,1.9,2.3,2.0,1.9,2.1,1.8,1.6,1.73,1.8850000000000002,2.25,1.68,2.35
1,4.67,4.275,3.88,4.34,4.265000000000001,4.19,3.94,3.84,3.74,3.756666666666667,3.7733333333333334,4.55,4.4275,4.305,4.755000000000001
1,5.72,4.38,3.765,2.8550000000000004,3.2,2.8200000000000003,2.7,2.8,2.8,2.75,2.8,2.7,3.2,5.0,24.53333333333333
1,3.14,3.14,3.14,3.14,3.14,3.14,3.2,2.84,2.69,2.96,37.12,84.5,306.9,865.4,2955.866666666667
0,8.18,8.18,7.93,7.52,8.26,8.02,7.85,9.09,7.605,7.8925,8.18,9.504999999999999,6.515000000000001,6.89,6.915
0,2.56,2.56,2.56,2.23,2.15,2.355,2.56,1.98,2.15,2.48,2.07,2.15,2.4,2.1,1.96
0,75.85000000000001,75.85000000000001,75.85000000000001,75.85000000000001,20.52,5.19,5.18,4.8,2.97,3.77,2.9866666666666664,3.57,2.54,2.3,187.12
1,1.9,2.2,1.7,1.9,2.1,1.9,2.4,2.1,2.125,2.3,2.25,2.2,2.26,2.0416666666666665,2.0675
0,2.0,1.75,1.5,1.4,1.4,1.3666666666666665,1.5,1.5,1.4333333333333331,1.3666666666666665,1.41,1.33,1.05,1.29,1.295
0,1.1,0.94,0.67,0.825,0.825,0.98,0.8999999999999999,0.82,0.81,0.88,0.73,0.96,1.19,1.1516666666666666,1.1133333333333333
0,1.51,1.51,1.51,1.38,1.69,1.74,1.87,2.12,1.6,1.6,1.55,1.75,1.745,1.74,1.795
1,5.37,5.37,5.37,4.96,4.96,4.07,4.43,5.816666666666666,11.54,35.53666666666667,57.99,3.925,2.85,3.22,55.870000000000005
1,6.6,6.6,3.8,4.4,5.42,4.7,5.97,5.78,13.73,100.16499999999999,192.81,820.83,1263.57,1470.07,1334.93
0,2.56,2.73,1.9,2.31,2.56,2.435,2.31,2.64,2.23,2.31,2.3725,2.435,2.56,2.32,2.28
0,2.39,2.38,2.275,2.8,2.3099999999999996,2.4799999999999995,2.65,2.47,2.49,2.5700000000000003,2.65,2.64,2.315,2.46,2.5549999999999997
1,1.6966666666666665,1.8766666666666667,1.715,1.83,1.025,1.27,1.38,1.6,1.85,1.34,1.79,1.775,1.72,4.585,399.17
1,5.375,5.13,4.0,3.87,3.4633333333333334,3.6750000000000003,3.96,3.535,3.33,2.9,2.96,3.025,2.6933333333333334,2.8966666666666665,1.965
0,1.6,2.03,1.43,1.57,1.51,1.56,1.42,1.35,1.39,1.585,1.46,1.53,1.4,1.46,1.4849999999999999
0,3.29,3.7,2.66,2.7350000000000003,2.81,3.12,2.9333333333333336,2.685,2.56375,2.71,2.42,2.52,2.5700000000000003,2.76,2.8
0,11.5,11.5,11.5,11.5,11.5,11.5,9.4,2.8,1.9,2.3,1.58,1.47,1.58,1.51,1.65
0,1.49,1.49,1.49,1.49,1.65,1.4,1.525,1.65,1.65,1.9,1.74,1.9,1.94,1.98,2.07
0,1.5,1.5866666666666667,1.45,1.36,1.47,1.46,1.45,1.58,1.4,1.53,1.44,2.0,1.45,1.6800000000000002,1.9100000000000001
1,3.9933333333333336,3.9933333333333336,3.5566666666666666,3.12,3.77,3.14,3.39,2.98,3.06,3.47,3.575,3.6799999999999997,4.88,8.84,12.913333333333334
0,2.5,2.1,1.9,1.7,1.6,1.7,1.6,1.6,1.5,1.5,1.52,1.45,1.3,1.295,1.505
0,1.13,1.2025,1.275,1.3966666666666665,1.478333333333333,1.5599999999999998,1.46,1.36,1.26,1.26,1.26,2.17,1.9649999999999999,1.76,1.58
1,2.62,2.58,2.2199999999999998,2.46,1.8800000000000001,1.44,1.69,1.65,1.62,2.63,4.25,13.525,21.596,49.26,153.09333333333333
0,1.6,1.26,1.5,1.4033333333333333,1.37,1.37,1.5199999999999998,1.405,1.43,1.4,1.4,1.21,1.41,1.31,1.2300000000000002
0,2.285,2.285,1.94,1.85,1.76,1.8383333333333332,1.87,1.98,1.55,1.97,2.0,2.03,1.93,1.83,2.11
1,7.02,5.14,6.12,5.5,5.93,5.32,4.86,4.4,4.01,4.49,4.5600000000000005,4.23,4.45,5.16,60.115
1,11.6,11.6,9.3,10.1,12.0,12.7,5.300000000000001,9.0,8.33,9.129999999999999,9.93,10.62,9.87,13.215714285714286,11.838
0,1.82,1.82,1.65,1.32,1.57,1.82,1.65,1.65,1.57,1.53,1.49,1.16,0.94,1.41,1.46
1,35.235,35.235,35.235,35.235,5.32,2.58,2.4450000000000003,2.25,2.25,1.88,2.02,1.66,1.9,1.83,1.7725
1,10.92,10.92,5.31,2.98,4.93,3.24,3.2,3.16,3.08,3.14,2.84,3.36,2.5766666666666667,2.5766666666666667,1.7933333333333332
1,4.516666666666667,5.5,4.36,4.316666666666666,3.1733333333333333,3.436666666666666,3.05,2.575,3.2,2.85,2.56,2.22,2.2183333333333333,2.2166666666666663,1.3699999999999999
0,1.4,1.21,1.0,0.98,1.16,1.16,1.205,1.25,0.99,1.2,1.03,0.86,1.01,1.07,1.12
0,10.81,9.17,9.2,7.77,10.04,9.07,9.31,8.690000000000001,8.07,8.99,7.2,8.2,7.48,7.3,7.01
0,2.45,2.76,2.96,2.98,2.89,2.98,3.14,3.39,3.225,3.06,3.47,3.31,3.97,2.565,2.81
1,2.21,2.31,2.13,2.2,2.31,1.91,2.18,2.45,2.255,1.9,1.79,1.76,1.7366666666666668,1.7133333333333336,1.67
1,4.21,4.611666666666666,5.013333333333333,5.04,4.7675,4.495,5.87,5.6499999999999995,6.94,5.79,4.63,4.3,4.295,4.21,3.39
0,20.19,4.54,2.37,2.64,2.4,1.76,1.575,1.39,1.52,1.65,1.4,1.565,1.73,1.74,1.6
0,2.2199999999999998,2.325,3.21,10.26,65.33833333333334,4.029999999999999,1.528,1.685,1.7849999999999997,1.6375000000000002,1.6733333333333331,2.422,2.5,7.057142857142857,3.974285714285714
1,4.13,4.13,3.22,3.31,3.47,3.31,3.14,3.14,3.14,3.22,2.81,2.605,2.4,2.3699999999999997,2.2800000000000002
0,4.64,4.64,5.12,4.66,4.2,3.12,3.45,3.78,3.46,3.14,2.42,3.19,2.63,2.22,2.1199999999999997
0,2.4,2.41,2.42,2.66,2.72,2.59,2.57,2.7733333333333334,2.34,2.4050000000000002,2.47,2.27,2.54,2.08,2.15
1,30.4,30.4,30.4,30.4,29.924999999999997,29.45,31.25,31.93,34.175,36.42,40.5,57.88,59.64000000000001,75.55,78.50666666666667
1,7.05,5.74,6.25,7.145,5.95,4.69,4.904999999999999,5.64,6.77,6.38,6.125,5.87,759.3216666666666,759.3216666666666,1512.7733333333333
0,0.99,0.99,1.32,1.24,1.155,1.07,1.195,1.32,1.28,1.24,1.16,1.4,1.5699999999999998,1.74,1.32
0,3.39,3.39,2.645,1.9,1.9,1.94,1.98,2.15,2.23,2.105,1.98,1.96,1.94,1.87,1.99
0,1.98,1.705,1.43,1.23,1.51,1.4933333333333332,1.25,1.43,1.4249999999999998,1.4249999999999998,1.4249999999999998,1.4249999999999998,1.42,1.36,1.32
1,2.74,2.23,2.065,1.9,2.15,6.86,1.82,1.65,1.93,1.835,1.74,1.9849999999999999,2.23,1174.38,1443.968
0,2.78,2.6399999999999997,2.5,2.7,2.88,2.72,3.2,2.96,3.075,3.19,3.06,2.995,2.93,3.11,2.93
0,1.53,1.53,1.41,1.66,1.65,1.76,1.645,1.53,1.4049999999999998,1.5825,1.76,1.48,1.62,1.52,1.35
0,0.92,0.92,1.07,1.43,1.02,1.06,1.17,1.27,1.27,1.1266666666666667,0.97,0.94,1.0699999999999998,1.2,1.22
0,5.14,3.98,3.6,3.41,3.4499999999999997,3.48,3.02,3.05,2.84,3.05,3.04,46.518750000000004,89.9975,5.33,3.925
1,3.73,3.73,3.73,3.73,5.2,5.28,3.97,5.43,5.62,8.07,4.55,6.993333333333333,9.01,7.3,9.21
0,1.11,1.1150000000000002,1.14,1.1,1.16,1.02,1.1966666666666665,1.31,1.37,1.43,1.27,1.12,1.215,1.31,1.46
0,3.06,2.71,2.51,2.23,2.495,2.76,2.58,2.16,2.35,2.62,2.1,2.245,2.39,2.16,2.6
1,35.29333333333333,35.29333333333333,2.51,2.2566666666666664,2.1883333333333335,2.12,2.09,2.0549999999999997,1.72,1.6,1.5025,1.405,1.42,1.65,40.3925
0,1.55,1.5,1.6333333333333335,1.6,1.5,1.4333333333333333,1.5166666666666666,1.6,1.5,1.4675,1.275,1.125,1.21,1.2466666666666666,1.4449999999999998
0,3.97,3.31,6.446666666666666,5.248333333333333,4.05,3.526666666666667,3.7483333333333335,3.97,3.68,3.39,3.55,3.805,3.39,3.72,3.97
1,1.65,1.65,1.596666666666667,2.0,2.17,2.34,2.1566666666666667,2.31,2.69,3.37,3.1799999999999997,2.9899999999999998,9.389999999999999,15.79,1782.025
0,1.96,2.3,1.46,1.4449999999999998,1.4449999999999998,1.43,1.61,1.37,1.3575,1.2733333333333334,1.27,1.24,1.22,1.275,1.49
1,3.375,3.36,3.115,2.94,2.55,2.65,2.35,2.95,3.22,3.88,5.3149999999999995,6.75,7.21,9.86,163.44545454545457
1,4.676666666666667,2.89,2.3866666666666667,1.8,1.3,1.5,1.4,1.1,1.25,1.4,1.3,1.6,1.8,5.2,31.166666666666668
1,0.83,0.83,0.83,0.83,1.65,1.24,0.83,0.71,0.865,1.02,1.06,0.88,1.2766666666666666,1.22,1.415
0,2.55,2.315,2.08,1.82,2.04,2.16,2.245,2.33,1.9,1.696666666666667,1.74,1.81,2.12,2.0675,2.015
1,406.35999999999996,406.35999999999996,5.86,2.033333333333333,2.1500000000000004,2.1,2.15,2.52,2.4,2.48,3.225,3.225,3.97,5.12,51.239999999999995
0,2.01,1.77,1.53,1.59,1.45,1.8,1.77,1.69,1.8199999999999998,1.95,2.12,1.96,1.8,1.9,1.89
1,9.209999999999999,1.13,0.805,0.61,0.0,0.5166666666666667,0.97,0.8099999999999999,0.61,0.72,0.88,0.8,0.9,0.8,0.7
0,2.15,2.975,2.6425,2.6425,2.31,2.275,2.15,2.48,2.48,2.81,2.743333333333333,2.6766666666666663,2.1425,2.17,2.26
1,9.89,9.89,9.6,7.12,6.55,5.63,6.13,4.73,4.31,4.99,4.88,3.14,3.2783333333333333,3.4166666666666665,21.8475
0,2.5933333333333333,2.5933333333333333,2.5933333333333333,2.5933333333333333,3.12,2.3,1.98,2.1849999999999996,2.1224999999999996,2.06,1.9649999999999999,2.1,1.9266666666666667,2.17,1.9549999999999998
1,6.71,6.71,6.29,4.510000000000001,4.76,4.54,4.78,4.405,4.03,5.73,4.19,4.22,4.26,8.15,505.98428571428576
1,1.5,1.45,1.5,1.39,1.49,1.57,1.65,1.4,1.57,1.9,1.57,1.57,1.695,1.82,2.3633333333333333
1,1.8,1.8,1.605,1.83,1.5150000000000001,1.2,1.17,1.17,1.24,1.14,1.1616666666666666,1.1833333333333333,1.12,1.05,1.105
1,3.45,2.9133333333333336,2.7,2.7,2.5766666666666667,2.43,2.56,2.56,2.56,2.123333333333333,1.65,1.9625,1.9625,2.275,1.82
0,1.5666666666666664,1.57,1.3,1.32,1.49,1.32,1.2879999999999998,1.24,1.07,1.24,1.16,0.91,0.91,0.79,0.75
1,4.87,3.995,3.85,3.7300000000000004,3.43,3.87,4.31,3.9,3.55,3.14,2.855,2.73,3.185,3.64,6.7
0,3.28,2.7285714285714286,2.4533333333333336,2.0,2.212857142857143,2.0575,2.0549999999999997,2.2224999999999997,2.105,2.33,2.276666666666667,2.0633333333333335,2.0,2.255,2.025
0,3.07,2.31,2.295,2.28,2.01,2.19,2.4,2.3049999999999997,2.21,2.295,1.9600000000000002,2.21,2.08,1.93,1.89
1,2.49,2.49,2.49,2.49,2.49,2.49,2.4966666666666666,2.48,2.62,3.563333333333334,4.346666666666667,3.878,5.170000000000001,8.326666666666666,5.336666666666666
0,4.11,4.11,3.27,2.86,3.43,2.9450000000000003,2.46,3.12,2.62,2.8,2.615,2.54,2.49,2.27,2.295
1,3.58,3.58,3.58,3.58,2.47,2.36,2.37,2.5,4.295,4.156000000000001,2.4450000000000003,2.033333333333333,2.2199999999999998,2.165,4.2219999999999995
1,10.27,10.27,10.27,10.27,7.19,4.656666666666666,4.21,4.13,2.64,3.14,2.64,2.4,2.4,2.64,5.29
0,4.2,4.2,4.15,4.1,3.95,3.6799999999999997,3.57,3.14,3.4,3.26,3.06,3.015,2.97,3.75,2.85
0,2.0,2.0,1.95,1.9,1.7,1.8,2.0,1.6,1.5,1.89,1.6199999999999999,1.5,1.6,1.7850000000000001,1.97
0,1.145,1.28,1.4333333333333333,1.5,1.57,1.58,1.77,1.45,1.51,1.415,1.32,1.2650000000000001,1.2650000000000001,1.21,1.12
1,1.36,0.975,1.12,0.995,0.95,0.8899999999999999,0.9,0.88,0.81,0.83,0.87,0.85,0.76,1.32,25.285
0,2.0,2.0,2.0,2.0,2.0,1.7,1.7999999999999998,1.9,1.8,1.73,1.65,1.65,1.65,2.07,2.55
0,1.4,1.5,1.5,1.5,1.5,1.5,1.3,1.6,1.4500000000000002,1.4500000000000002,1.3,1.24,1.57,1.7,1.36
0,5.94,5.76,5.64,5.5600000000000005,5.48,4.72,5.37,5.74,5.045,4.35,4.83,5.16,4.65,5.88,5.01
0,0.81,0.9600000000000001,1.11,1.085,1.06,1.06,1.1099999999999999,1.16,1.09,1.0550000000000002,1.02,1.02,1.075,1.13,1.0
1,1.12,1.42,1.22,1.02,1.08,1.315,1.55,1.2650000000000001,0.98,1.24,1.5,1.385,1.27,1.02,89.686
0,0.8166666666666668,0.8166666666666668,1.15,1.11,17.54,33.97,17.495,1.02,1.21,0.97,0.95,0.93,1.56,0.9,1.06
1,8.158000000000001,9.81,8.886666666666668,8.48,9.68,8.165000000000001,7.477500000000001,6.79,8.18,9.173333333333334,12.568,9.93,10.22,9.81,18.716
1,11.57,11.57,16.945,4.683333333333334,4.13,3.31,4.96,4.13,3.61,3.455,3.3,2.92,3.3899999999999997,3.86,43.43
1,1.57,1.74,1.65,1.6099999999999999,1.57,1.32,1.49,1.49,1.49,1.4449999999999998,1.4,1.65,1.4449999999999998,4.79,1454.1299999999999
0,994.4933333333333,13.925,8.1,6.86,6.28,7.159999999999999,6.36,5.905,5.45,6.78,5.29,5.7,5.36,5.215,5.07
1,18.555,18.555,18.555,18.555,18.555,9.8775,7.93,7.27,6.2,7.19,5.233333333333333,4.55,5.12,4.215,3.8357142857142854
0,1.82,1.65,1.32,1.32,1.65,1.57,1.365,1.65,1.49,1.24,1.4,1.57,1.24,1.16,1.4000000000000001
0,4.46,4.46,4.46,4.46,3.64,3.06,3.8,3.22,3.97,3.8,3.97,3.31,3.14,3.1625,3.185
1,5.2942857142857145,5.2942857142857145,5.2942857142857145,5.2942857142857145,5.2942857142857145,7.96,10.945,8.042,13.716249999999999,15.717500000000001,14.407999999999998,14.439999999999998,8.299999999999999,12.870000000000001,76.918
0,1.21,1.21,1.21,1.01,1.065,1.12,0.66,0.84,1.0,1.07,1.0,1.005,1.01,0.83,0.86
0,2.75,1.82,2.065,2.31,2.24,2.13,2.02,2.16,2.3,6.15,10.0,13.8325,17.665,23.02,33.265
1,2.4,2.45,2.5,2.1,2.1966666666666668,2.1350000000000002,2.1350000000000002,2.0733333333333337,2.4600000000000004,2.846666666666667,4.9366666666666665,9.38,27.65,186.825,2.2699999999999996
0,1.25,1.25,0.97,1.0,1.07,0.9,0.96,1.02,0.94,1.07,1.03,1.12,1.21,1.39,1.13
1,2.22,2.22,2.41,2.24,2.07,2.54,2.39,2.3449999999999998,2.3,2.5,2.0,2.3,2.2,2.2,2.1
1,4.29,4.29,4.29,4.29,4.29,3.92,3.1199999999999997,2.7074999999999996,2.31,2.36,1.9849999999999999,2.0774999999999997,2.17,2.45,15.987499999999999
0,3.39,3.39,3.39,3.06,3.39,2.975,2.56,2.56,2.52,2.415,2.31,2.31,2.48,2.64,2.89
0,1.45,1.71,1.11,0.9,1.18,1.21,1.205,1.2,1.0619999999999998,1.1000000000000003,1.0,0.74,0.86,0.845,0.9550000000000001
1,2.67,2.87,3.07,3.16,2.47,2.21,1.94,1.935,1.93,2.1766666666666663,1.82,2.13,2.24,2.35,14.246666666666664
0,6.36,6.61,6.36,6.61,6.86,6.775,6.69,6.2,5.95,7.11,6.695,6.28,4.79,5.62,5.04
0,2.64,2.04,2.085,2.13,1.33,2.07,2.44,2.08,2.1,2.12,1.99,1.995,2.0,2.21,2.31
1,6.36,6.36,6.36,6.36,4.21,2.395,2.4,2.79,2.8200000000000003,3.1633333333333336,3.45,3.94,4.1025,1.36,4.340000000000001
0,2.66,2.44,2.3,2.25,2.175,2.23,2.3200000000000003,2.05,1.98,2.19,2.35,2.22,2.29,2.36,2.04
1,1.91,1.91,2.4,2.49,2.425,2.36,2.42,2.27,2.12,2.49,2.68,2.87,3.43,13.120000000000001,22.810000000000002
1,5.39,4.66,3.63,3.19,3.38,3.2,3.02,3.02,3.08,2.73,2.97,3.1899999999999995,2.8249999999999997,2.46,11.784
0,2.91,3.94,4.68,4.63,5.45,5.7,6.12,6.94,6.86,5.62,6.94,6.94,5.62,6.365,7.11
1,8.059999999999999,6.56,5.84,6.4,6.3575,6.3149999999999995,5.69,5.36,6.1,5.766666666666667,5.008,3.19,3.94,3.98,8.613333333333335
1,3.77,3.77,3.77,3.77,3.293333333333333,3.27,3.97,3.64,4.61,2.89,4.79,4.406666666666666,5.29,12.393333333333333,81.82000000000001
0,2.03,2.34,1.85,1.64,1.955,1.995,1.846666666666667,1.8733333333333333,1.755,1.64,1.645,1.77,1.955,1.71,1.86
0,15.62,15.62,15.62,15.62,15.62,15.62,13.14,4.546666666666667,4.462,3.64,3.633333333333333,4.21,4.613333333333333,4.243333333333333,3.5175
1,6.86,6.86,6.86,6.86,17.19,12.4,10.245000000000001,13.512500000000001,16.78,26.78,42.53333333333333,41.57,39.59,73.55,176.364
1,8.41,8.41,8.41,2.745,1.84,1.66,1.62,1.65,1.77,1.5,2.08,1.675,1.72,1.895,41.339999999999996
1,2.76,2.58,2.86,1.88,2.07,2.11,2.27,2.43,1.655,1.68,1.69,1.655,1.655,1.62,1.23
0,4.49,4.11,3.06,2.4,3.13,2.64,2.5700000000000003,2.5,2.12,2.22,2.04,2.04,1.86,1.96,2.17
1,0.9949999999999999,0.9949999999999999,0.9949999999999999,0.9949999999999999,2.15,0.91,1.19,1.47,1.41,1.74,1.83,2.35,2.31,1.78,1.7349999999999999
0,1.1,0.99,1.01,1.0350000000000001,1.06,1.36,1.06,1.28,1.18,1.37,1.2650000000000001,1.16,1.19,1.35,1.19
0,2.9699999999999998,2.9699999999999998,2.9699999999999998,3.1533333333333338,2.91,2.045,1.765,1.41,1.27,1.12,0.985,0.8833333333333333,0.99,0.93,0.8766666666666666
1,304.45,304.45,304.45,304.45,65.38749999999999,3.415,2.6160000000000005,2.4000000000000004,2.3,2.96,8.7,34.400000000000006,46.118750000000006,3.9566666666666666,77.22363636363636
1,1.1,0.9,1.05,1.2,1.4,1.525,1.525,1.65,1.33,1.35,1.49,1.525,1.56,1.61,1.374
0,2.99,2.38,1.98,2.24,1.95,2.0833333333333335,1.7,1.98,1.98,2.4299999999999997,2.16,2.4,2.17,2.31,1.97
1,13.16,13.16,13.16,13.16,13.16,13.16,10.790000000000001,7.3100000000000005,7.59,6.065,7.359999999999999,7.3500000000000005,8.217142857142857,5.404999999999999,9.214
0,2.64,2.685,2.685,2.73,2.73,2.73,3.14,3.06,2.935,2.81,2.73,2.98,2.98,2.89,2.81
0,1.0,1.3,1.01,0.75,1.155,1.0575,0.96,0.99,0.86,0.43,0.59,0.6699999999999999,0.75,0.71,0.64
1,1.5,1.6,1.8,1.5,1.5,1.5,1.8,1.65,1.5,2.1,5.749999999999999,9.399999999999999,22.3,32.4,31.6
0,1.6,1.43,1.475,1.52,1.87,1.725,1.58,1.65,1.65,1.495,1.34,1.63,1.82,1.87,1.93
0,3.3699999999999997,3.11,3.175,3.24,3.3966666666666665,3.07,3.52,3.5,3.07,3.11,3.08,3.31,3.4,3.99,3.035
1,2.48,2.48,2.79,3.1,2.615,2.5,2.2,2.2,1.9,2.1,1.8,2.43,3.06,6.2075000000000005,9.355
1,1.4,1.4,1.4,1.4,1.4,1.81,1.97,1.16,1.16,1.26,1.36,1.21,1.35,1.145,1.2349999999999999
0,2.1,2.87,2.86,2.32,2.67,2.95,2.99,3.2249999999999996,3.15,3.4,4.11,5.22,8.53,12.023333333333333,16.98166666666667
1,7.93,7.93,7.93,7.93,5.87,4.915,4.8,4.6,4.07,4.03,3.64,4.12,4.26,3.98,3.81
1,3.7199999999999998,3.31,4.13,4.223333333333334,4.52,4.43,4.18,4.869999999999999,5.56,5.16,4.76,4.55,4.234999999999999,3.92,4.17
0,1.43,1.43,1.43,1.43,1.43,1.43,1.57,1.6833333333333333,1.585,1.7733333333333334,2.11,1.88,1.7799999999999998,1.725,1.9
1,3.7,3.7,3.7,3.255,3.0108333333333333,2.766666666666667,1.64,1.46,1.88,2.0949999999999998,2.31,2.255,2.2,1.8,127.54666666666668
0,1.98,1.9,1.71,1.9566666666666666,2.203333333333333,2.07,2.56,2.3433333333333333,2.098,2.15,2.06,1.97,1.8500000000000003,2.16,2.45
0,1.82,1.57,1.57,1.4,1.74,1.65,1.57,1.4849999999999999,1.4,1.57,1.32,1.145,0.97,1.04,1.31
1,5.65,5.1899999999999995,4.23,4.75,3.41,4.153333333333333,3.88,4.2,4.18,5.26,11.242,10.969999999999999,4.69,6.62,14.730000000000002
0,1.07,0.99,1.2633333333333332,1.07,0.99,1.16,1.3499999999999999,1.24,1.24,1.3199999999999998,1.4,0.99,0.91,1.24,1.49
1,5.453333333333333,5.453333333333333,5.453333333333333,5.12,4.88,5.54,4.463333333333334,4.009166666666667,3.555,3.47,3.3333333333333335,3.64,3.5949999999999998,3.55,3.0866666666666664
1,3.82,3.82,3.82,3.82,3.6399999999999997,3.46,2.835,3.02,4.57,6.09,853.71,23.640000000000004,11.863333333333335,2993.79,2722.7999999999997
1,19.2,19.2,19.2,5.13,4.03,2.93,2.74,2.595,2.7575000000000003,2.92,2.2,2.17,2.14,2.58,7.835
1,4.96,4.96,4.96,5.375,4.96,4.13,3.31,4.135,4.96,6.4399999999999995,7.92,9.05,9.74,10.43,59.27
1,1.04,1.2000000000000002,1.36,1.36,1.36,1.48,1.35,1.22,1.54,1.3,1.06,1.55,2.0,5.46,42.644999999999996
0,1.36,1.26,1.26,1.2,1.31,1.12,1.3033333333333335,1.32,1.24,1.23,1.28,1.4,1.35,1.45,1.22
0,1.84,1.84,1.55,1.55,1.63,1.99,1.81,1.83,1.65,2.09,1.87,1.65,2.31,1.93,2.1
0,2.2,1.955,1.74,1.49,2.01,2.23,2.42,2.36,2.1633333333333336,2.22,1.93,1.99,2.35,2.54,2.32
0,2.15,1.9,2.07,1.82,2.31,1.68,2.15,1.98,2.15,1.9,1.82,1.98,1.6600000000000001,1.34,1.64
0,1.24,1.32,1.24,1.16,1.07,1.16,1.3199999999999998,1.24,1.24,1.16,1.32,1.24,1.32,1.24,1.32
1,3.355,3.355,3.355,3.355,3.355,3.355,2.8,2.19,1.86,1.5733333333333333,1.85,2.0300000000000002,2.58,2.21,2.1666666666666665
0,1.9,1.9,2.07,1.74,1.53,1.32,1.3599999999999999,1.4,1.32,0.91,0.91,0.91,0.87,0.83,0.83
1,2.13,2.13,1.45,1.44,1.54,1.64,1.58,1.445,1.31,1.465,1.62,1.72,1.6875,1.655,2.9828571428571427
1,3.36,4.29,3.55,2.545,1.54,2.88,2.74,3.855,4.97,4.654999999999999,4.34,3.99,3.6100000000000003,3.23,2.6025
0,1.72,1.72,1.01,1.46,1.39,1.61,1.4700000000000002,1.33,1.41,1.46,1.5,1.585,1.67,1.63,1.36
1,2.74,2.26,2.07,2.1149999999999998,2.15,2.02,1.89,1.68,1.57,1.65,1.32,0.4666666666666666,1.49,1.57,1.5433333333333332
1,3.31,3.31,3.31,3.31,2.48,2.895,3.31,2.48,2.48,4.13,4.96,5.785,6.61,20.31,169.3175
0,5.35,5.35,3.85,4.23,4.87,4.19,3.22,3.425,3.63,4.14,2.8,3.53,3.62,4.86,3.525
1,7.975,7.85,8.863333333333335,8.549999999999999,6.716666666666666,6.44,6.06,4.176666666666667,5.08,4.67,4.23,5.2,4.71,6.4,24.6
0,1.4,1.5,1.5,1.6,1.7,1.7,1.7,1.8,1.8,1.8,1.62,1.69,1.4,1.24,1.26
0,1.12,1.12,1.12,1.12,1.09,1.03,1.27,1.31,1.2,1.3133333333333332,1.13,1.04,1.17,1.1500000000000001,1.17
0,1.7,1.7,1.7666666666666666,1.7,1.9,1.7,1.9,1.9,1.7349999999999999,1.57,1.5,1.43,1.53,1.76,2.07
1,5.045,5.72,4.92,5.81,4.635,4.31,3.775,3.24,3.2800000000000002,3.32,3.01,3.31,4.135,4.96,16.972
1,12.0825,3.655,2.13,2.08,2.0949999999999998,1.8099999999999998,1.61,1.375,1.48,1.4700000000000002,1.48,1.47,1.68,2.465,624.22
0,2.65,2.65,2.65,2.21,1.48,1.31,1.45,1.45,1.47,1.47,1.49,1.51,1.98,1.56,1.73
1,3.63,2.6166666666666667,2.23,2.1550000000000002,2.13,2.045,2.03,2.3,1.91,2.0100000000000002,2.1100000000000003,2.22,2.1,1.7349999999999999,1.885
1,2.3000000000000003,2.17,2.19,2.085,2.27,2.31,2.2725,2.6466666666666665,2.19,3.02,4.13,4.75,4.88,15.7,40.992000000000004
0,3.14,2.89,2.48,2.23,2.31,2.15,2.15,2.065,1.98,1.9,1.82,1.74,1.6949999999999998,1.78,1.6266666666666667
1,12.245,12.245,12.245,12.245,6.661999999999999,4.6339999999999995,3.0,2.685,2.37,2.2342857142857144,3.6100000000000008,5.105,4.74,13.265,21.79
1,3.43,3.43,3.43,3.43,3.43,2.525,1.93,1.78,1.84,2.06,1.94,1.8,1.83,2.76,168.18666666666664
0,1.52,1.63,1.29,1.16,1.17,1.26,1.36,1.36,1.2850000000000001,1.1766666666666667,0.88,1.315,1.22,1.08,1.385
0,1.6,1.65,1.7,1.6000000000000003,1.6,1.7,1.8,1.8,1.8,1.8,1.66,1.68,1.6400000000000001,1.6,1.48
0,2.3,2.3,2.3,2.3,2.3,1.8,2.1333333333333333,2.1166666666666667,2.1,1.61,1.76,2.08,1.77,1.83,1.72
0,1.08,1.145,1.21,1.26,1.31,1.07,1.24,1.35,1.25,1.37,1.3450000000000002,1.32,1.3,1.31,1.38
0,1.69,2.0,1.46,1.05,1.26,0.98,1.1,1.22,1.11,1.02,1.16,1.22,1.28,1.47,1.08
0,3.4,3.3,2.7,2.6,2.9,2.4000000000000004,2.3,2.3,2.5,2.4,2.37,2.22,2.1100000000000003,2.29,2.25
0,1.24,1.24,0.83,1.115,1.4,1.32,1.4,1.4849999999999999,1.57,1.16,1.4,1.4,1.4,1.26,1.23
1,3.71,3.38,3.58,3.075,2.95,2.75,2.8,2.92,2.95,3.24,2.56,2.5,2.3,2.1,1.9500000000000002
0,2.48,3.22,2.64,2.4,2.81,2.31,2.645,2.98,2.56,2.56,2.6,2.64,2.15,2.64,2.44
0,2.07,1.545,1.02,1.46,1.9,1.74,1.74,1.74,1.82,1.655,1.49,1.57,1.5899999999999999,1.6099999999999999,1.24
1,2.995,2.995,2.995,2.995,2.995,2.995,3.965,5.083333333333333,5.3,3.865,4.895,5.08,5.16,5.7,6.033333333333334
1,10.99,10.99,10.99,4.05,4.21,2.73,2.565,2.565,2.4,2.4,2.975,5.95,5.04,4.88,84.34
0,2.02,1.96,1.895,1.83,1.8450000000000002,1.86,1.88,1.63,1.38,1.52,1.66,1.51,1.36,1.5,1.6
1,11.16,11.16,8.76,6.36,5.7,5.575,5.45,9.83,14.21,11.74,14.629999999999999,17.52,12.98,11.82,13.555
0,1.57,1.49,1.74,1.57,1.74,1.655,1.57,1.9,1.82,1.7349999999999999,1.65,1.9,1.57,1.655,1.74
1,2.5,2.23,1.82,1.53,1.24,1.74,1.57,1.57,1.57,1.5150000000000001,1.46,1.74,2.69,3.64,30.122500000000002
1,2.465,1.98,1.93,1.72,1.51,1.7,1.47,1.32,1.68,1.755,1.83,2.26,2.0749999999999997,1.89,2.6366666666666667
0,1.4,1.4,1.4,1.4,1.4,1.24,1.4,1.24,1.24,1.28,1.32,1.4,1.4,1.74,0.91
1,6.88,6.9525,7.45,5.7,5.1,5.1,3.8499999999999996,3.8000000000000003,3.65,3.9666666666666663,3.4666666666666663,3.4,3.1,3.1900000000000004,3.1374999999999997
0,1.4,1.4449999999999998,1.49,1.24,1.65,1.24,1.32,1.16,1.49,1.4,1.3599999999999999,1.32,1.4,1.12,1.21
0,2.65,2.51,2.5675,2.625,2.52,2.52,2.38,2.02,1.93,2.7,2.15,2.43,2.83,2.56,2.22
1,3.47,3.39,3.14,2.31,2.81,2.705,2.705,2.705,2.6,2.356666666666667,2.22,2.315,2.66,2.2566666666666664,1.9533333333333331
1,10.05,6.95,3.85,3.33,2.06,2.135,2.21,1.86,1.88,2.29,1.925,1.56,1.46,1.52,181.53999999999996
0,1.68,1.05,1.82,1.74,1.82,1.74,2.73,2.255,1.78,1.9,1.4,1.65,1.82,1.49,1.6099999999999999
0,2.12,2.04,1.54,1.49,1.34,1.49,1.64,1.85,1.53,1.5750000000000002,1.62,1.53,1.72,1.64,1.67
0,4.02,4.02,4.02,4.02,4.02,4.02,3.526666666666667,3.16,2.8366666666666664,3.3,3.02,3.3000000000000003,2.98,3.09,2.745
1,5.7,5.54,6.09,5.72,4.99,5.34,5.965,5.83,5.205,4.58,5.86,5.93,5.26,5.79,2.87375
1,5.095,5.25,4.66,4.795,4.11,4.380000000000001,4.65,3.9299999999999997,4.470000000000001,4.19,3.9099999999999997,4.115,5.3133333333333335,6.27,10.43125
0,1.06,1.02,1.02,1.0350000000000001,1.05,1.07,1.17,1.1,1.22,1.23,1.13,1.2149999999999999,1.1,1.48,1.22
0,1.59,1.57,1.82,1.65,1.82,1.74,1.82,1.98,2.15,2.19,2.23,1.65,1.75,1.69,1.28
1,4.21,3.5380000000000003,3.48,3.4699999999999998,3.015,2.77,2.57,2.4349999999999996,2.65,2.49,2.33,2.17,1.895,1.62,1.6475
1,2.48,1.65,2.48,2.43,2.4766666666666666,2.45,2.3525,2.255,2.2275,2.2275,2.2,1.83,1.82,1.81,2.4675000000000002
1,6.69,5.7,5.12,4.625,4.13,4.545,4.96,4.42,3.88,3.88,3.88,4.63,6.859999999999999,9.09,12.23
1,2.69,2.69,2.69,3.37,3.5,3.8,3.17,3.69,2.97,2.69,2.81,2.705,2.7675,2.83,2.6500000000000004
1,13.219999999999999,11.155,9.09,7.85,7.85,6.61,7.44,6.3,6.03,5.875,5.72,5.17,4.88,8.6,46.575
0,2.7,2.1,2.1,1.5,1.4,1.4849999999999999,1.4925,1.4925,1.5,1.43,1.5,1.63,1.76,1.62,1.68
1,2.15,2.23,2.065,1.9,1.9866666666666664,1.49,1.57,1.24,1.4,0.91,1.115,1.32,1.6949999999999998,2.07,31.8575
1,1.69,1.92,1.95,2.09,1.87,1.876666666666667,1.8833333333333335,2.11,1.99,1.87,1.5,1.89,1.83,1.53,1.8533333333333335
0,1.37,1.27,1.4,1.57,1.4,1.32,1.16,1.24,1.49,1.365,1.24,1.32,1.65,1.775,2.0666666666666664
1,28.97,28.97,28.97,28.97,28.97,28.97,17.713333333333335,11.155000000000001,10.47,7.44,9.09,6.12,5.98,5.54,14.613999999999999
1,4.203333333333334,4.203333333333334,4.203333333333334,4.203333333333334,3.87,3.795,3.82,4.335000000000001,4.36,4.99,8.15,8.9125,10.965,15.74,24.252000000000002
1,6.8175,6.48,7.22,7.796666666666667,7.34,6.18,5.5633333333333335,8.25,6.07,4.4639999999999995,4.78,7.33,16.44142857142857,21.81666666666667,45.75399999999999
1,5.4350000000000005,5.470000000000001,4.87,5.05,4.8,5.35,4.95,5.3,4.7,5.4,13.663333333333334,7.6,13.1,20.5,71.55
0,1.19,1.1133333333333335,1.24,1.23,1.14,1.44,1.51,1.58,1.6,1.7,1.66,1.77,1.55,1.54,2.01
0,4.5,4.41,4.75,4.79,4.9350000000000005,5.08,5.12,4.99,5.54,5.64,7.848333333333333,10.056666666666667,13.100000000000001,265.7575,11330.884
1,3.83,2.75,2.63,2.77,2.675,2.58,3.4,23.92,20.223333333333333,2.115,2.15,2.1199999999999997,2.15,2.4,3.7883333333333336
1,10.07,10.07,10.07,10.07,10.07,6.72,5.96,5.175000000000001,4.725,5.105,4.585,4.63,4.39,4.01,3.73
1,10.63,10.63,10.63,10.63,10.63,6.285,3.43,3.465,3.04,3.07,2.13,2.61,2.506666666666667,2.8200000000000003,2.1866666666666665
0,2.15,2.15,2.15,2.15,2.15,2.15,2.4,2.31,2.56,2.4,2.07,2.07,1.74,1.66,1.86
0,3.22,2.81,1.65,1.57,1.9566666666666663,1.49,1.8049999999999997,2.1199999999999997,5.87,12.863333333333335,3.88,3.4699999999999998,3.06,3.09,3.03
1,3.9424999999999994,3.0149999999999997,2.84,3.375,3.375,3.64,3.64,3.31,3.79,3.393333333333333,3.92,4.765000000000001,5.61,4.42,4.236666666666666
1,75.205,75.205,75.205,75.205,75.205,5.246666666666667,3.3,1.68,2.4,2.69,1.79,1.89,2.1,2.37,483.2525
0,9.34,10.91,10.620000000000001,10.33,11.155000000000001,10.91,10.93,10.95,10.0,9.033333333333333,9.09,9.75,9.42,9.8325,10.245000000000001
0,1.3,1.3,1.3,1.3,1.2,1.1,1.0,1.0,0.9,0.9450000000000001,0.75,0.75,0.75,0.77,0.75
1,9.163333333333332,9.163333333333332,5.82,5.57,4.66,3.82,4.26,4.38,4.21,4.63,4.21,5.54,9.093333333333334,15.62,49.425
1,3.5833333333333335,3.31,2.48,2.895,2.48,2.48,2.9266666666666663,2.51,2.45,2.15,2.74,2.26,2.62,2.55,2.453333333333333
0,2.0,2.28,2.23,2.19,2.28,2.09,1.9,2.19,2.26,2.33,2.15,2.25,2.12,2.49,2.18
1,3.34,3.34,3.1799999999999997,2.53,2.21,2.27,1.8666666666666665,2.28,1.78,1.25,1.0075,0.976,0.96,0.9299999999999999,1.5485714285714285
0,2.69,2.42,2.31,2.54,2.57,2.17,2.82,2.67,2.2,2.2375000000000003,2.2750000000000004,2.23,2.38,2.53,2.165
0,1.12,1.12,1.12,1.12,1.12,1.14,1.37,1.48,1.33,1.385,1.44,1.38,1.74,1.23,1.29
1,421.31,421.31,421.31,421.31,421.31,12.803333333333333,5.223333333333333,4.97,5.246666666666667,3.9166666666666665,4.045,4.2,4.205,4.3,3.9066666666666663
0,1.82,1.82,1.82,1.9,2.15,1.9849999999999999,1.82,1.65,1.65,1.74,1.74,1.74,1.49,1.5,1.52
1,3.5149999999999997,3.31,3.8,3.55,3.32,3.31,3.1933333333333334,3.72,3.853333333333333,3.97,5.4,5.4,6.830000000000001,19.42,63.8425
1,31.79,7.120000000000001,4.36,4.14,3.07,2.89,3.0,3.14,3.14,3.14,5.456666666666667,11.573333333333332,7.36,9.92,13.223333333333334
0,5.27,5.27,5.27,2.2933333333333334,2.1,2.045,1.99,1.87,1.63,1.71,1.83,1.95,1.57,1.5,1.4
0,1.9,1.9,1.82,1.74,1.98,1.82,1.98,1.8599999999999999,1.8599999999999999,1.8599999999999999,1.74,1.615,1.49,1.47,1.42
0,2.0,2.18,2.29,2.4,2.15,2.23,1.57,1.98,1.98,1.65,1.98,1.32,1.74,1.74,1.74
0,4.3,5.37,4.79,4.46,5.04,4.835,4.835,4.63,6.78,5.6225000000000005,4.465,4.172499999999999,5.04,5.5375,6.035
0,3.56,2.79,2.41,2.03,2.11,2.09,2.12,1.93,1.92,1.91,1.76,2.06,4.225,6.39,28.4
0,1.745,1.745,1.6625,1.58,1.47,1.51,1.685,1.8599999999999999,1.7,1.7,1.7,1.79,1.91,2.21,1.78
1,2.26,2.49,2.76,3.18,2.12,2.09,2.06,2.255,2.45,1.83,1.8575,1.885,2.15875,2.15875,2.4324999999999997
1,3.27,3.11,2.885,2.66,2.5433333333333334,2.58,2.315,1.9,2.296666666666667,1.98,1.9,1.885,1.9,1.74,1.7225000000000001
0,5.04,5.12,5.45,5.205,4.96,5.37,5.45,5.04,5.415,5.79,5.95,4.96,5.88,6.45,7.27
0,4.49,3.86,4.085,4.31,5.039999999999999,5.77,6.22,6.67,5.98,12.0175,18.055,34.49,6.1775,6.155,6.3066666666666675
1,3.34,3.34,3.34,3.34,3.34,2.09,2.94,3.23,2.69,2.5999999999999996,2.51,2.4,2.31,2.3474999999999997,2.198571428571429
0,2.4,1.75,1.48,1.58,1.6,1.62,1.7,1.7149999999999999,1.73,1.79,1.81,1.83,1.71,1.59,1.68
0,1.63,1.41,1.31,1.13,1.36,1.2400000000000002,1.12,1.25,1.185,1.12,0.98,1.16,1.01,1.28,0.98
1,2.16,2.29,2.36,1.97,1.79,1.825,1.71,1.7999999999999998,1.89,1.35,1.54,1.565,1.59,2.09,11.725
1,1.65,1.65,1.65,1.65,1.49,1.49,1.49,1.07,2.4,6.405,10.41,6.69,44.425,1.24,66.775
0,2.6,2.58,1.51,1.8050000000000002,1.8050000000000002,1.8050000000000002,1.8050000000000002,1.8050000000000002,2.1,2.12,2.07,2.15,2.05,2.02,2.07
0,1.67,1.96,1.57,1.55,1.62,1.29,1.43,1.6,1.47,1.04,1.5,1.56,1.62,1.51,1.45
0,2.3,2.3,2.3,1.7,1.9,1.5,1.6,1.2,1.2,0.99,1.15,1.31,1.16,1.09,1.17
0,2.6,2.6,2.6,3.1,2.6,2.0,2.2,2.4,2.45,2.5,2.53,2.3899999999999997,2.25,2.04,2.29
0,2.64,2.09,2.025,1.96,2.26,2.16,2.2,2.24,2.18,2.1900000000000004,2.2,2.12,1.97,2.015,2.06
0,2.98,2.95,2.92,2.89,3.22,3.14,3.06,3.0866666666666664,3.1133333333333333,3.14,2.64,2.64,2.73,2.89,2.98
0,2.6,2.7,2.4,2.3,2.2,1.95,1.7,1.9,1.5333333333333332,1.58,1.24,1.25,1.26,1.45,1.5
0,8.93,8.93,8.93,9.5,9.75,9.175,8.6,8.93,8.43,7.11,8.35,7.69,7.52,7.6,7.645
1,5.3,5.3,5.3,5.3,5.3,5.0,4.7,3.4,3.1,2.4,2.3,2.2,2.1,1.5,2.11
1,6.15,6.12,5.26,6.31,4.93,5.12,5.99,4.88,3.6950000000000003,3.5,3.16,3.9466666666666668,4.448333333333333,4.95,9.854
1,2.0466666666666664,2.0466666666666664,1.71,1.47,1.43,1.5,1.6333333333333335,1.5,1.3,1.2,1.2,1.2,1.3,1.0,1.2025
0,1.5433333333333332,1.5433333333333332,1.5433333333333332,1.28,1.1949999999999998,0.93,1.336666666666667,1.37,1.32,1.09,1.26,1.715,1.73,1.93,1.32
1,25.2,25.2,3.6,2.0,1.75,1.5,1.5,1.6,1.23,1.39,1.4166666666666667,1.7433333333333332,12.9,538.1166666666667,35668.324
0,2.4499999999999997,2.355,2.4,2.23,2.31,2.315,2.4,2.31,2.2866666666666666,2.23,1.9849999999999999,2.0966666666666662,2.15,2.15,2.19
1,1.9,1.9,1.65,1.6099999999999999,1.57,1.6949999999999998,1.9,1.82,1.07,1.195,1.32,4.34,4.34,7.36,43.879999999999995
1,4.205,3.925,3.88,3.47,3.31,3.39,3.39,2.855,5.415,5.415,5.415,5.415,5.415,7.975,2.76
1,2.53,2.29,2.15,2.22,1.86,2.1333333333333333,1.89,1.92,1.57,1.98,1.74,1.65,2.025,1.65,1.7866666666666668
0,4.0,4.0,4.0,3.7,3.5,2.8666666666666667,3.1,3.1,2.7,2.6233333333333335,2.63,2.49,2.64,2.9299999999999997,3.68
1,5.0,5.0,3.1,3.78,2.6399999999999997,3.14,3.355,2.932,3.07,2.61,2.8866666666666667,2.581666666666667,2.276666666666667,3.0,2.975
0,2.04,2.04,2.04,2.04,1.83,2.06,1.78,1.94,1.77,1.94,1.81,1.795,1.78,1.85,1.67
1,4.48,4.48,4.48,4.39,3.25,2.06,2.0,1.752,1.6833333333333333,1.53,1.26,1.2,4.3,7.4,14.57
1,19.83,19.83,12.03,17.44,11.275,9.5125,7.75,7.85,7.48,7.11,7.27,6.61,5.7716666666666665,4.933333333333334,5.04
0,2.15,2.23,2.31,2.15,1.98,1.98,2.105,2.23,1.98,2.31,1.57,1.6099999999999999,1.65,1.18,1.61
0,3.02,2.73,2.5616666666666665,2.393333333333333,2.82,2.65,3.16,2.95,2.74,3.78,3.81,3.5549999999999997,3.3,3.79,3.69
0,2.73,2.73,2.52,2.31,2.19,2.07,1.9849999999999999,1.9,1.4500000000000002,1.82,1.9849999999999999,2.15,1.74,1.82,5.6850000000000005
1,4.126666666666667,3.64,2.98,2.71,2.75,3.55,3.21,3.88,4.13,4.09,4.05,3.8,3.55,4.46,3.83
0,2.98,3.31,3.145,2.98,3.03,3.22,3.22,3.22,3.1,2.98,3.22,3.22,3.72,3.72,3.72
0,2.4,2.0149999999999997,1.63,1.67,1.83,1.725,1.62,2.06,2.02,1.99,1.64,2.36,2.16,1.96,1.64
1,4.85,3.9,3.7,3.56,3.33,3.9433333333333334,3.54,3.21,3.4333333333333336,3.36,2.385,2.33,3.453333333333333,8.926666666666666,14.4
1,5.87,3.8,2.64,2.56,1.94,1.94,1.32,1.9,2.23,1.9,1.9,1.74,1.65,1.7349999999999999,1.8199999999999998
0,1.31,1.16,0.96,0.91,1.02,0.84,0.9199999999999999,1.0,0.7,0.94,0.83,0.86,0.89,0.91,0.82
0,1.83,1.83,1.83,1.83,2.183333333333333,2.07,2.12,2.37,2.17,2.19,2.2,2.16,2.21,2.3,2.26
0,1.5,1.5,1.15,0.8,1.1,0.9,0.9,0.9,0.9,0.94,1.0750000000000002,1.0033333333333332,0.83,0.9450000000000001,1.0
0,1.82,1.82,1.82,1.82,1.82,1.82,1.9,1.94,1.98,1.74,1.82,1.82,1.82,2.23,2.56
0,3.37,3.175,2.54,2.47,2.86,2.8499999999999996,2.84,2.67,2.5,3.01,2.45,2.545,2.64,2.87,2.56
1,4.55,4.57,4.14,4.71,4.63,4.38,4.42,4.46,3.97,4.713333333333334,5.29,5.62,5.25,4.88,12.950000000000003
1,4.676666666666667,4.676666666666667,4.676666666666667,4.676666666666667,3.373333333333333,2.07,3.3200000000000003,4.57,5.995,2.89,2.21,397.76,910.645,2208.29,201910.585
0,2.6733333333333333,3.06,2.48,2.23,2.395,2.56,2.81,2.3120000000000003,2.315,2.1925,2.07,2.4,2.48,1.92,1.405
1,2.78,2.78,2.78,3.2266666666666666,3.04,3.33,3.02,2.71,2.81,2.89,2.56,3.5650000000000004,4.57,7.02,24.793333333333337
0,3.4,2.46,2.73,2.81,2.64,2.56,2.48,2.48,2.98,2.98,2.73,3.31,2.64,2.48,2.81
1,5.415,5.415,2.52,2.36,2.08,1.72,2.01,1.67,2.0,1.6,1.7,1.8,2.0,2.5,21.119999999999997
0,9.91,4.85,2.84,2.44,2.61,2.59,2.57,2.31,2.3049999999999997,2.3,2.07,2.07,2.07,2.09,2.31
1,3.89,4.63,4.125,5.29,5.79,5.7,5.953333333333333,4.63,5.79,4.96,5.37,5.37,5.205,5.04,5.205
0,5.87,5.87,5.87,5.87,5.87,12.732000000000003,13.382,6.845,5.093333333333334,5.103333333333333,5.18,6.025,6.06,5.25,4.89
0,2.21,2.92,2.6399999999999997,2.36,2.605,2.85,3.09,2.79,2.49,2.255,2.02,2.13,2.24,2.41,2.38
1,6.5649999999999995,6.5649999999999995,5.9575000000000005,3.56,2.86,2.1166666666666667,2.02,1.93,1.6966666666666665,1.74,1.63,1.5866666666666667,1.56,2.62,3.876666666666667
1,2.895,2.48,3.31,2.48,2.895,2.48,3.215,3.733333333333333,4.7,5.88,5.739999999999999,7.33,7.79,10.48,7.796000000000001
0,1.38,1.38,1.13,1.49,1.4,1.65,1.49,1.65,1.49,1.65,1.57,1.49,1.57,6.12,7.11
1,1.475,1.49,1.65,1.82,1.4,1.4,1.49,1.4033333333333333,1.16,1.2133333333333332,1.16,0.99,1.069090909090909,1.1480000000000001,1.0020000000000002
1,3.1,3.1,2.5,2.5,2.47,1.77,1.75,1.73,1.82,1.82,2.04,1.74,1.95,9.17,114.2575
0,2.72,2.72,2.35,1.98,1.87,2.07,2.31,1.94,1.935,1.93,1.79,2.07,2.02,1.9649999999999999,1.91
0,1.5,1.5,1.5,1.5,1.5,1.5,1.4666666666666668,1.6,1.4333333333333333,1.4,1.36,1.4,1.08,1.3599999999999999,1.44
1,4.5,3.935,4.863333333333333,5.86,15.07,9.173333333333334,6.02,10.15,6.74,7.343333333333334,9.9575,4.68,4.93,4.85,4.518000000000001
1,3.31,3.39,2.64,2.89,3.18,2.98,2.81,3.14,2.975,2.81,2.81,2.89,2.98,3.06,3.6733333333333333
0,1.855,1.63,1.8533333333333335,1.72,1.87,1.835,2.01,2.11,1.87,2.065,1.9,1.73,2.013333333333333,1.95,2.066666666666667
0,9.125,8.48,8.09,8.026666666666666,8.296666666666665,7.93,7.8,7.67,7.86,6.99,7.54,7.33,7.12,8.59,7.615
0,1.54,1.77,1.4,1.33,1.26,1.42,1.63,1.53,1.61,1.62,1.58,1.585,1.59,1.45,1.37
0,2.37,1.93,2.395,2.14,2.05,2.15,1.77,2.1380000000000003,1.74,2.2,2.0966666666666662,2.3,2.16,2.35,2.18
1,2.46,2.46,2.46,2.46,2.46,2.46,2.256666666666667,3.883333333333334,4.46,3.53,3.59,2.8,2.966666666666667,5.57,2.4528571428571433
0,3.67,3.96,2.7,2.85,2.745,2.64,2.5,3.13,2.63,2.77,2.865,2.96,2.79,3.12,2.73
0,4.45,4.75,3.22,3.5,3.53,4.29,3.24,3.68,4.12,3.74,3.93,4.03,4.21,3.74,3.36
0,1.65,1.82,2.07,2.07,2.07,1.9,2.15,1.9049999999999998,2.1075,2.31,2.48,2.56,2.31,3.88,1.74
0,2.5766666666666667,1.99,1.83,1.9666666666666668,1.91,2.1199999999999997,1.69,1.87,1.72,1.4,1.69,1.75,1.81,1.66,1.28
1,3.77,2.54,2.36,1.74,1.615,1.49,1.63,1.93,1.865,1.8,1.63,1.49,2.33,6.482,10.634
0,2.44,1.76,1.5,1.3,1.35,1.4,1.21,1.19,1.17,1.1,1.1600000000000001,1.1600000000000001,1.22,1.26,1.12
1,7.36,7.7749999999999995,7.27,5.54,4.88,6.45,5.95,5.95,6.03,3.97,3.31,5.62,15.7,23.32,58.47
0,1.76,1.76,2.14,1.83,1.63,1.755,1.88,2.55,1.75,1.89,2.03,1.95,2.02,2.04,2.27
0,2.9,2.95,3.0,2.8,3.0,2.9,3.0,3.1,2.9,3.15,2.91,2.7,2.83,3.04,3.2
1,2.71,2.71,2.205,1.7,1.43,1.3599999999999999,1.46,1.5266666666666666,1.24,1.41,1.375,1.34,1.2999999999999998,1.31,1.32
1,3.39,1.035,1.74,2.025,3.22,2.17,2.045,2.02,2.2750000000000004,2.2,2.1,1.57,1.695,1.82,2.2875
0,1.79,1.3250000000000002,1.2,1.135,1.11,1.1549999999999998,1.0633333333333332,1.125,1.0833333333333333,1.045,0.98,1.175,0.95,1.09,1.01
1,2.8,2.505,2.21,2.42,2.33,2.36,2.31,2.29,2.37,2.45,2.39,2.5066666666666664,2.1933333333333334,1.88,211.12666666666667
0,1.65,1.98,1.49,1.74,1.655,1.57,1.65,1.9,1.9,2.15,2.065,1.98,1.9,1.32,1.69
1,3.31,3.23,3.27,3.31,3.68,2.4,2.74,3.08,3.17,3.26,3.68,3.56,3.56,3.44,4.275
1,3.78,3.78,3.78,3.795,3.81,4.12,3.21,2.38,2.432,2.89,2.36,2.31,2.31,2.355,2.048
1,15.41,15.41,12.555,4226.18,6976.083333333333,1.755,1.33,1.58,1.3133333333333332,1.29,1.6,1.39,0.9700000000000001,0.83,33.622
0,1.835,1.835,1.835,1.835,2.15,2.1849999999999996,2.13,2.2466666666666666,2.715,2.54,2.39,2.32,2.33,2.34,2.43
1,2.21,1.79,1.4,1.31,1.27,1.31,1.3599999999999999,1.3,1.165,1.21,1.2,1.03,1.07,1.21,1.1466666666666667
1,47.03,47.03,47.03,47.03,47.03,47.03,48.92,56.83,72.75,84.49,115.06,139.42666666666665,190.724,391.108,740.54
0,47.49333333333333,47.49333333333333,47.49333333333333,47.49333333333333,2.4,2.31,2.145,1.98,1.9,1.9,1.94,1.98,1.98,2.855,2.15
0,16.25,16.25,16.25,16.25,16.56,15.31,14.24,13.17,12.760000000000002,11.73,10.7,11.79,9.76,10.98,9.26
1,5.45,5.45,5.45,5.45,4.38,6.53,7.02,6.94,8.51,10.74,11.57,14.55,24.21,31.98,81.11749999999999
0,1.1,0.89,0.76,0.64,0.6950000000000001,0.75,0.69,0.8,0.64,0.79,0.81,0.83,0.88,0.77,0.78
0,2.9,2.05,2.4,2.45,2.5000000000000004,3.2,2.9,4.1,3.4,2.8200000000000003,3.1100000000000003,4.04,4.195,5.48,7.295
1,2.32,2.45,2.6533333333333333,2.6,2.535,2.47,2.56,2.56,1.98,2.31,2.89,75.21,66.94,35.95,111.242
1,9.5,3.13,2.7699999999999996,2.86,2.956666666666667,2.94,2.915,2.89,3.17,3.04,2.43,2.45,2.5,2.79,2.5866666666666664
0,2.65,2.255,2.22,2.03,2.18,2.16,2.11,2.205,2.1,2.1550000000000002,2.01,2.36,2.0149999999999997,2.26,2.325
1,2.17,1.94,2.1,1.6,1.81,2.04,1.88875,1.7375,1.4337499999999999,1.13,1.79,3.3,9.19,5.92,14.902500000000002
0,0.935,1.02,0.98,0.9533333333333333,0.9466666666666667,0.9400000000000001,0.9,0.94,1.03,1.0150000000000001,1.0,0.92,0.94,0.9650000000000001,0.875
0,1.8,1.7,1.7,1.75,1.8,1.7000000000000002,2.0,1.7,1.6,1.665,1.69,1.575,1.46,1.82,1.54
0,3.3066666666666666,2.8083333333333336,2.8083333333333336,2.31,2.89,2.4,3.06,3.55,2.89,3.88,3.925,3.97,3.55,3.47,3.595
0,1.56,1.56,1.56,1.56,1.56,1.44,1.62,33.2725,64.925,2.32,1.9966666666666668,2.19,1.73,2.1,2.01
1,1.8833333333333335,1.585,1.4933333333333334,1.42,1.4,1.07,1.22,1.075,1.15,1.18,1.28,1.21,1.08,1.12,1.0750000000000002
0,1.9300000000000002,1.79,2.05,1.7000000000000002,1.76,1.71,1.83,2.02,1.7166666666666668,1.81,1.38,1.47,1.43,1.75,1.845
0,2.5,2.2666666666666666,2.3,2.3,2.0,1.8,1.6,1.7,1.5,1.3,0.91,1.1,1.3,1.275,1.79
0,8.26,6.77,3.68,4.4,5.03,4.970000000000001,4.970000000000001,4.91,4.36,4.65,4.93,4.76,4.59,4.07,3.86
1,5.29,5.29,5.29,3.8,4.05,5.03,5.525,6.41,5.18,6.234999999999999,8.504999999999999,14.19,16.38,33.94857142857143,62.9775
0,1.07,1.12,1.41,1.245,1.08,1.33,1.45,1.37,1.415,1.46,1.2149999999999999,0.97,1.17,1.35,1.31
0,1.38,1.36,1.26,1.18,1.285,1.39,1.275,1.275,1.16,1.47,1.415,1.415,1.36,1.59,1.36
1,1.65,1.49,1.69,1.6216666666666666,1.5533333333333335,1.28,1.08,1.2000000000000002,1.32,1.38,1.185,0.99,6.69,5.81,16.356
1,4.96,4.96,4.96,4.96,1.65,1.65,1.24,0.83,1.65,0.83,1.65,1.65,1.21,164.684,328.158
0,2.02,1.93,2.18,2.31,2.26,2.5199999999999996,2.78,2.44,2.41,2.14,2.11,2.36,2.55,2.87,2.68
0,1.75,1.75,1.75,1.745,1.74,1.86,2.21,2.38,2.29,2.2,2.21,2.39,2.82,2.5999999999999996,2.38
1,7.25,7.25,7.25,7.25,7.25,8.115,9.38,6.53,7.94,7.656666666666666,7.4,7.716666666666667,8.033333333333333,8.3,8.0
1,17.29,17.29,17.29,4.906,3.9,2.796666666666667,2.42,1.8766666666666667,1.74,1.6,1.9049999999999998,2.03,1.98,2.07,3.603333333333333
1,11.07,11.07,11.07,11.07,12.11,12.4,11.155000000000001,9.09,7.1899999999999995,6.36,4.71,4.38,4.05,6.03,15.205
0,2.89,2.89,1.4,1.16,1.16,1.07,0.99,0.99,0.91,0.99,1.07,1.4,0.91,0.7600000000000001,0.8
0,2.0,2.0,2.0,2.1,2.2,2.1,2.2,2.0,1.95,1.9,1.85,1.79,1.77,1.78,1.75
1,4.36,4.36,4.36,4.36,4.36,3.4,3.39,3.4,3.0650000000000004,2.77,2.76,2.95,2.81,3.37,24.03
0,1.68,1.14,1.49,1.65,1.525,1.3999999999999997,1.32,1.24,1.405,1.57,1.82,1.65,1.74,1.7349999999999999,1.82
1,3.74,3.74,3.74,3.25,2.76,2.28,2.25,2.2199999999999998,1.9149999999999998,1.6099999999999999,1.355,1.56,1.415,1.31,2.016666666666667
0,4.3,4.3,4.3,4.3,2.81,1.49,1.74,1.32,1.57,1.4,1.16,1.16,1.16,1.09,1.12
1,1.66,1.6,1.2466666666666668,1.18,1.37,1.205,1.26,1.25,1.4566666666666668,1.33,1.6766666666666667,1.69,1.66,1.55,2.0466666666666664
0,2.105,2.31,1.9,2.15,2.4,2.4,2.4,2.98,2.31,2.48,2.395,2.31,2.07,1.6,2.55
1,3.7199999999999998,3.7199999999999998,3.7199999999999998,4.46,3.06,3.31,3.22,2.56,2.98,2.98,3.06,3.1666666666666665,1.74,1.74,2.1799999999999997
0,1.0,1.2,1.0,1.2,1.2,1.0333333333333334,1.4,1.4,1.4,1.83,2.54,2.97,6.063333333333333,11.9,16.05
0,3.35,3.35,3.35,3.25,3.07,3.22,3.09,2.96,2.53,2.5549999999999997,2.58,2.28,2.68,1.95,2.17
0,0.9199999999999999,1.0333333333333334,0.99,1.05,0.905,0.89,0.94,1.07,1.14,0.83,0.99,0.94,0.9033333333333333,1.13,1.065
1,1.74,1.74,1.74,1.86,1.7000000000000002,2.0,1.7,1.55,1.6333333333333335,1.7,1.7000000000000002,1.7,1.4,1.7,1.85
0,2.95,2.95,2.95,2.95,2.95,2.61,2.4325,2.8899999999999997,2.37,2.875,2.626666666666667,2.87,2.6166666666666667,2.59,2.815
1,2.23,2.23,2.23,2.4433333333333334,3.14,2.68,2.86,3.9,4.98,5.77,6.56,8.815000000000001,12.39,15.14,26.9775
0,2.2,1.8,1.8,1.9249999999999998,2.05,1.8,1.8,1.85,1.8,1.8,1.59,1.55,1.69,1.67,1.73
0,8.9575,8.9575,8.9575,8.9575,2.6,2.42,2.24,2.36,1.99,2.2,2.31,2.325,2.34,1.86,1.81
1,2.43,2.135,2.035,1.895,1.89,2.1666666666666665,2.18,2.18,2.316666666666667,1.64,1.52,1.5999999999999999,1.6633333333333333,2.12,1.6759999999999997
0,0.99,0.99,1.16,1.07,1.07,1.24,1.4,1.24,1.32,1.28,1.24,1.32,1.24,1.4,1.32
0,2.0,1.6,1.28,1.17,1.1966666666666665,1.07,1.22,0.98,1.18,1.105,1.11,1.0933333333333333,1.0,0.9066666666666667,0.865
1,1.32,1.405,1.49,1.07,0.83,1.07,1.24,0.83,1.035,1.24,1.49,1.4,2.27,3.14,16.18
0,1.65,1.24,1.075,0.91,1.07,1.155,1.24,1.155,1.07,0.99,0.99,1.03,1.07,0.91,0.91
1,2.26,2.26,2.26,2.32,2.24,2.265,2.29,2.46,2.22,2.09,1.96,1.84,1.93,1.82,1.69
1,3.53,2.92,3.24,2.93,3.0,2.02,2.55,2.57,2.59,3.32,1.62,1.69,3.285,4.88,1793.5418181818184
1,0.71,0.71,0.71,1.03,0.895,0.76,0.79,0.59,0.75,0.7,0.66,0.73,0.56,0.7,0.8533333333333334
0,19.09,19.09,19.09,19.09,8.09,3.573333333333333,2.25,2.06,1.7366666666666666,1.73,1.13,1.53,1.8,1.5625,1.3250000000000002
0,5.29,5.62,5.29,6.12,6.61,5.79,5.87,6.12,6.61,6.36,6.28,6.2,5.970000000000001,5.74,7.13
1,2.55,2.55,2.55,2.27,2.22,2.2039999999999997,2.2,1.77,1.95,2.1,2.18,2.643333333333333,2.14,2.84,4.173846153846155
0,2.1,1.8,1.7,1.7,1.8,1.6666666666666667,1.7,1.9,1.7,1.8,1.5766666666666664,1.5166666666666666,1.52,1.4300000000000002,1.34
1,32.23,7.44,4.96,4.705,4.45,3.93,3.99,4.31,4.41,4.51,5.735,16.280833333333334,16.280833333333334,16.280833333333334,26.826666666666668
0,1.83,1.7850000000000001,1.74,1.5,1.57,1.26,1.17,1.23,1.16,1.245,1.33,1.42,1.6,1.45,1.22
1,3.61,3.0,3.02,3.47,3.64,3.55,3.8,3.8,4.3,4.05,3.965,3.88,4.71,4.406666666666666,3.5949999999999998
1,3.57,3.7,3.17,3.05,2.9966666666666666,2.61,2.68,1.95,2.24,2.4,2.4749999999999996,2.55,2.42,5.96,76.76333333333334
0,1.37,1.36,1.1,0.93,0.9850000000000001,1.04,1.0,1.28,0.88,0.92,1.07,1.105,1.14,1.0,1.1
1,2.07,2.07,1.75,1.79,1.645,1.5,1.83,1.95,2.07,2.58,2.49,3.26,4.125,4.99,1040.665
0,2.15,2.065,1.98,2.07,1.9449999999999998,1.82,1.78,1.74,1.9,1.74,1.7666666666666666,1.79,1.64,1.86,1.6
0,3.12,3.1,3.06,2.953333333333333,2.95,3.103333333333333,3.23,3.31,2.79,2.93,3.15,3.12,2.7750000000000004,3.1199999999999997,2.865
0,3.31,3.31,3.31,3.26,3.466666666666667,3.69,3.3,3.49,3.4875,3.485,3.2,3.22,2.91,3.24,3.4400000000000004
1,4.4,4.4,4.4,4.4,4.4,3.24,3.02,3.356666666666667,1.9,2.05,1.7,2.01,2.0599999999999996,2.11,537.5142857142857
0,15.78,15.78,8.58,12.71,13.58,13.0,12.66,13.63,13.06,13.980000000000002,12.36,12.7875,13.215,12.84,12.22
1,1.79,1.17,1.285,1.4,1.26,1.6099999999999999,1.96,1.65,1.41,1.17,1.26,1.35,1.3900000000000001,1.43,26.24
0,1.77,1.99,1.65,1.53,1.38,1.37,1.55,1.64,1.785,1.93,1.6,1.74,1.79,1.85,1.74
1,2.55,2.26,1.95,2.03,2.0599999999999996,2.09,2.31,2.22,2.83,2.15,1.55,1.775,2.0,2.07,2.233333333333333
1,5.502,4.23,4.015000000000001,3.31,3.39,3.2566666666666664,3.5,3.2,3.2,3.4,3.6,3.3499999999999996,3.175,3.6,3.533333333333333
0,3.58,3.58,2.67,2.69,3.5,3.01,2.52,2.99,3.29,3.33,3.425,3.52,3.4,3.64,3.46
0,7.7,7.7,7.035,6.37,5.875,5.275,5.506666666666667,4.958333333333334,4.41,4.1,3.17,3.16,2.9299999999999997,2.85,3.01
0,2.6,2.89,2.3,2.29,2.46,1.77,1.37,1.06,1.24,1.36,1.43,1.585,1.74,1.38,1.46
0,1.55,1.37,1.03,1.02,1.05,1.08,1.07,1.09,1.085,1.08,1.07,1.105,1.14,1.11,0.97
0,2.47,2.7,2.3,1.9,2.42,2.165,1.91,2.04,2.58,2.46,2.5,2.46,2.42,2.31,2.52
1,9.69,9.13,12.293333333333331,9.02,5.95,5.07,5.03,4.59,3.9349999999999996,3.28,5.99625,8.7125,13.49,19.6,28.988888888888887
1,1.93,1.04,1.23,0.94,1.06,1.14,1.105,1.07,1.12,1.2,0.83,2.16,1.38,4.79,5.843999999999999
0,1.21,1.27,1.125,0.98,1.02,1.1,0.98,1.04,1.04,1.1,1.07,1.09,1.11,1.13,1.15
0,1.53,1.53,1.53,1.53,1.53,1.77,1.73,1.72,1.7,1.68,1.78,1.74,1.83,1.82,1.88
0,1.8,1.3,1.2,1.2333333333333334,1.2666666666666666,1.2333333333333334,1.2,1.3,1.0666666666666667,1.2,1.055,1.16,1.1666666666666667,1.29,1.1749999999999998
1,5.505,5.505,5.505,5.505,5.505,5.02,4.69,3.8,3.7999999999999994,8.094999999999999,5.87,5.04,7.8500000000000005,6.86,35.31
0,3.22,2.98,3.06,3.1,3.14,3.14,3.14,2.89,2.4,2.495,2.59,2.45,2.31,2.48,2.79
0,3.6,3.4,3.6,3.5,3.75,4.0,4.6,4.9,4.1,5.145,6.19,5.74,5.77,16.0,103.23333333333333
0,2.89,2.81,2.4,2.64,2.07,2.31,2.64,2.98,3.02,3.02,3.06,3.02,2.98,3.8,2.74
0,2.38,2.18,2.37,1.9799999999999998,2.23,2.74,2.25,2.27,2.39,2.2133333333333334,2.0366666666666666,2.42,2.29,2.22,2.1500000000000004
0,3.84,5.04,4.125,3.21,3.71,3.25,2.79,3.67,3.16,3.3,3.09,3.275,3.46,3.4299999999999997,2.6900000000000004
1,10.265,10.265,4.993333333333333,4.32,3.475,3.393333333333333,3.355,3.2475,3.14,3.39,3.47,2.64,3.51,4.38,18.264
0,1.11,1.12,1.2166666666666668,0.91,1.06,1.1,1.18,1.12,0.95,1.24,0.9900000000000001,1.04,1.0150000000000001,0.99,0.895
0,6.633333333333333,6.633333333333333,6.633333333333333,6.633333333333333,6.633333333333333,6.733333333333333,5.066666666666666,4.208333333333333,3.35,3.53,3.175,3.53,2.51,2.53,2.645
0,1.49,1.49,1.49,1.49,2.07,1.74,1.82,1.82,2.31,1.9,1.775,1.65,1.86,1.89,1.92
1,5.25,4.055,3.37,2.8699999999999997,2.9299999999999997,2.99,3.85,2.733333333333333,2.53,2.43,2.22,2.21,2.39,3.81,7.08
0,1.3,1.34,1.43,1.18,1.56,1.56,1.46,1.36,1.4,1.51,1.34,1.49,1.47,1.45,1.54
0,1.21,1.0933333333333335,1.19,1.05,1.07,1.0350000000000001,1.16,1.1700000000000002,1.03,1.08,1.19,0.9499999999999998,1.2,1.17,0.9566666666666667
0,3.39,3.39,3.39,3.39,3.39,2.7399999999999998,3.24,3.12,2.52,2.6033333333333335,2.8,2.6700000000000004,2.53,2.99,2.81
1,0.83,0.83,0.83,1.24,1.65,1.65,1.26,1.47,1.13,1.365,1.6,3.14,4419.75,4419.75,8836.36
0,1.4,1.4,1.54,1.68,1.68,1.68,1.03,1.145,1.26,1.355,1.45,1.44,1.43,1.22,1.15
0,1.89,2.25,2.07,2.1399999999999997,2.21,1.99,2.03,2.07,1.77,1.78,1.79,1.91,2.03,2.005,1.98
1,2.82,3.58,3.49,2.12,2.09,2.44,1.59,1.45,1.5,1.55,1.74,1.62,1.5,9.579,17.658
0,1.07,1.07,0.91,0.8833333333333333,1.49,1.7599999999999998,1.5799999999999998,1.4,1.24,1.4,1.3766666666666667,1.49,1.24,1.12,1.205
1,21.89,21.89,21.89,21.89,21.89,21.89,20.1,17.005000000000003,12.86,10.17,11.4,7.955,6.21,6.17,4.984
0,1.85,1.8,1.65,2.0,2.1,1.9,1.7,1.8,1.7333333333333334,1.47,1.32,1.2133333333333336,1.2,1.23,1.24
1,9.86,9.86,9.86,9.86,7.28,5.36,3.97,3.79,3.7,2.96,2.64,3.22,2.64,2.435,2.14
1,5.5633333333333335,5.36,4.265000000000001,4.19,4.7675,5.345,5.4725,5.6,5.636666666666667,5.215833333333333,4.795,4.635,4.475,4.21,12.17
1,2.74,2.12,2.54,2.12,2.545,2.72,2.07,2.02,2.07,2.18,2.01,2.09,2.1416666666666666,2.1933333333333334,14.832500000000001
0,2.43,2.8,1.86,1.26,1.61,1.6,1.65,1.45,1.31,1.29,1.44,1.64,1.64,1.42,1.73
1,2.13,2.2649999999999997,2.5,2.31,2.565,2.2575,1.95,2.13,1.98,2.186666666666667,2.18,1.79,1.79,1.95,2.025
0,2.25,1.9300000000000002,1.61,1.31,1.14,1.08,1.62,1.24,1.155,1.07,0.96,1.64,1.45,1.78,1.55
0,1.74,1.49,1.9,1.65,1.98,1.9,1.9,2.07,1.98,1.98,3.02,4.21,82.875,102.14428571428573,55.772499999999994
0,2.6133333333333333,2.6133333333333333,2.6133333333333333,2.6133333333333333,2.83,2.66,2.71,2.82,2.32,2.91,3.06,3.105,3.15,3.06,2.91
1,5.24,5.88,5.26,4.6,5.029999999999999,5.46,4.28,4.48,4.46,3.99,3.9,4.38,3.88,4.73,13.19
0,1.58,1.55,1.39,1.36,1.5,1.62,1.6325,1.645,1.55,1.6133333333333333,1.33,1.5150000000000001,1.37,1.36,1.17
0,4.73,4.315,3.9,2.89,3.38,3.5,3.53,4.09,2.83,3.61,2.33,1.92,1.98,2.29,2.41
1,2.36,2.72,2.675,2.77,2.27,2.805,2.6,2.36,2.51,2.45,2.86,3.68,3.47,4.13,3.63
0,1.78,1.78,1.78,1.69,1.88,1.59,1.64,1.6533333333333333,1.6533333333333333,1.6666666666666667,1.6883333333333335,1.71,1.96,1.84,1.65
0,1.74,1.74,1.74,1.75,1.7,1.56,1.93,1.745,1.56,1.79,1.48,1.4849999999999999,1.49,1.73,1.48
1,2.33,2.33,2.33,2.33,2.33,2.59,2.313333333333333,2.455,1.616,2.4766666666666666,2.4450000000000003,2.4166666666666665,3.4033333333333333,4.39,14.726666666666667
0,2.4,2.4,2.14,1.85,2.1833333333333336,1.74,2.14,2.035,1.93,1.91,2.5,2.48,2.5,2.89,2.02
0,13.936666666666667,13.936666666666667,13.936666666666667,13.936666666666667,13.47,12.64,13.18,13.72,11.98,13.14,11.07,13.31,10.83,12.81,12.23
1,4.37,3.22,2.68,2.77,2.28,2.2,2.12,2.05,1.98,2.05,2.12,2.2,2.51,4.343333333333333,5.575555555555556
0,7.050000000000001,7.050000000000001,7.050000000000001,7.050000000000001,3.48,3.36,3.12,2.79,3.3600000000000003,3.93,2.63,2.68,3.0,2.39,2.9
0,2.895,2.895,2.895,2.02,2.03,1.86,1.92,1.83,1.74,1.77,1.95,1.52,1.49,1.4,1.3
1,2.74,2.465,2.62,2.67,2.53,2.31,2.46,2.75,2.61,1.83,1.655,2.09,1.7,2.17,6.1933333333333325
1,5.54,5.54,3.22,4.2,4.29,3.1500000000000004,2.31,3.22,3.56,4.3925,38.33,88.66444444444444,7.370000000000001,96.12,119.25750000000001
0,2.0,2.0,2.0,2.0,2.0,1.9,2.0,1.8,1.5,1.6,1.41,1.2833333333333334,1.41,1.18,1.245
0,2.17,2.26,1.9574999999999998,1.6549999999999998,1.66,1.55,2.0933333333333333,2.63,1.68,2.05,2.22,2.06,1.93,2.59,1.67
1,3.66,3.66,3.66,3.66,3.66,2.4266666666666667,2.39,2.26,2.37,2.115,2.21,1.69,1.6799999999999997,1.18,1.5216666666666665
0,6.87,3.26,2.8,2.5500000000000003,2.7383333333333337,2.926666666666667,2.7633333333333336,2.6,3.48,3.9400000000000004,4.4,4.27,2.32,2.85,2.47
1,1.01,1.01,1.205,1.205,1.4,0.98,1.12,1.1400000000000001,1.16,1.16,1.12,1.02,1.13,1.24,1.3399999999999999
0,3.1,3.1,2.4,2.145,2.81,2.48,2.48,2.98,2.605,2.3433333333333333,2.48,2.48,2.43,1.98,1.9100000000000001
0,2.73,2.72,2.12,1.88,2.23,2.355,2.355,2.48,2.17,2.31,2.45,2.5250000000000004,2.6,2.69,2.5
0,2.5,2.64,2.51,2.31,2.85,2.6500000000000004,2.45,2.45,2.0,2.84,2.545,2.25,2.36,2.48,2.47
0,2.7,2.8,2.8,2.7,2.8499999999999996,3.1,3.2,3.3,2.8,2.8099999999999996,2.53,2.475,2.4275,2.38,2.55
0,2.0166666666666666,2.0166666666666666,1.7883333333333333,1.56,1.86,1.77,1.935,1.87,1.88,1.89,1.89,1.9,1.88,1.83,1.78
0,2.23,2.86,2.705,2.55,2.73,2.32,2.56,2.54,2.52,2.78,1.96,2.35,2.25,2.62,2.04
1,2.36,1.82,2.6333333333333333,2.93,2.23,2.23,2.4,3.3449999999999998,2.07,2.48,2.56,2.64,2.81,3.8,663.6366666666667
0,2.56,2.56,2.56,2.89,2.23,2.56,2.07,2.07,2.44,2.81,2.48,2.81,2.26,2.245,2.23
0,3.9766666666666666,3.9766666666666666,3.9766666666666666,3.9766666666666666,3.9766666666666666,3.9766666666666666,3.223333333333333,2.966666666666667,3.48,2.8666666666666667,3.1366666666666667,2.705,2.92,2.69,3.175
0,0.88,1.25,1.43,1.32,1.57,1.32,1.82,1.4,1.9,1.65,2.31,1.57,1.74,1.49,1.65
1,2.45,2.3,1.9,1.5,1.6,1.4,1.4,1.45,1.5,1.32,1.46,1.23,1.31,1.33,1.32
0,3.39,3.39,3.39,3.39,3.39,3.39,2.85,2.98,2.973333333333333,3.14,2.73,2.56,2.81,2.555,2.6100000000000003
0,2.295,2.295,2.295,2.295,60.42,31.150000000000002,1.88,1.57,1.71,1.96,1.68,1.88,33.73,245.53,2.263333333333333
0,3.62,3.93,4.24,3.83,3.82,3.2,3.75,3.92,4.19,3.8550000000000004,3.52,3.74,3.68,4.05,4.23
0,4.67,3.5199999999999996,2.49,2.2,2.38,2.21,2.04,1.9833333333333332,1.8,1.89,1.55,1.77,1.99,1.89,1.78
1,7.24,4.78,5.15,4.995,4.84,4.07,3.1,2.43,2.3,2.495,2.69,2.93,2.5,2.98,2.7575
1,14.63,14.63,14.63,14.63,14.63,14.63,8.18,7.19,6.359999999999999,6.33,5.99,6.52,5.29,8.025,28.982499999999998
0,1.48,1.48,1.48,1.48,1.36,1.295,1.46,1.295,1.13,2.08,1.36,1.85,1.38,1.94,1.4
0,1.52,1.4649999999999999,1.41,1.45,1.49,1.58,1.67,1.51,1.48,1.45,1.4649999999999999,1.48,1.33,1.32,1.25
0,2.255,2.255,2.12,2.0949999999999998,2.4,1.86,2.245,2.63,2.1,2.44,1.94,2.08,2.46,2.25,1.91
1,4.88,4.88,3.55,3.76,3.97,4.023333333333333,106.94200000000001,3.72,3.06,2.89,4.05,7.36,14.46,21.28,17.3125
1,1.98,1.98,1.74,1.775,1.7125,1.65,1.65,1.65,1.6499999999999997,1.98,1.98,1.98,1.82,1.83875,1.8575
1,4.71,4.21,4.21,3.965,3.72,3.47,3.97,3.69,3.31,4.21,4.71,4.21,5.12,8.202499999999999,11.284999999999998
1,1.85,1.97,2.09,1.64,1.82,1.49,1.64,1.665,1.69,1.59,1.6233333333333333,1.6,1.08,1.31,1.5200000000000002
1,2.745,2.745,2.745,2.745,2.62,2.6100000000000003,2.6,2.6666666666666665,2.45,2.0,2.3666666666666667,2.25,2.1,2.4,2.6666666666666665
1,3.9,4.19,3.735,5.49,3.1025,3.026666666666667,2.79,3.03,3.1,3.04,2.83,3.3899999999999997,2.9371428571428573,2.38,2.968571428571429
0,1.98,1.7866666666666668,1.68,1.9499999999999997,2.2,1.915,1.915,2.12,1.94,1.96,1.7850000000000001,1.93,1.7866666666666668,2.08,1.935
0,2.84,2.41,2.2199999999999998,2.2199999999999998,2.2199999999999998,2.2199999999999998,2.03,1.94,1.85,1.95,1.88,1.85,1.96,2.04,2.07
1,2.23,2.07,2.07,1.74,2.07,1.82,1.98,2.07,1.98,1.8283333333333331,1.6766666666666665,2.31,1.74,1.9,2.01
0,3.526666666666667,3.526666666666667,3.0583333333333336,2.59,2.3066666666666666,2.8,2.71,2.71,2.57,2.12,2.28,1.92,2.34,2.26,1.71
1,7.19,8.43,7.52,15.45,10.83,17.963333333333335,56.086666666666666,69.545,65.45,74.46000000000001,71.16,71.74,145.45,244.63000000000002,416.6471428571429
0,2.46,2.46,1.84,1.8,1.615,1.43,1.72,1.7,1.84,1.53,1.69,1.525,1.58,1.63,1.78
1,2.49,2.3150000000000004,2.14,2.1550000000000002,2.17,1.99,1.9849999999999999,1.9849999999999999,1.98,1.955,1.93,2.5,2.09,2.08,2.12
1,2.15,2.15,3.946666666666666,2.8699999999999997,3.34,2.48,2.9,2.835,2.87,2.7,4.576666666666667,4.02,23.223333333333333,59.69,668.1200000000001
1,1.7333333333333334,1.61,1.31,1.3499999999999999,1.4,1.3,1.7,1.65,1.6,1.7,1.9,1.7666666666666666,1.9,2.066666666666667,2.1199999999999997
0,2.69,2.441,2.192,2.295,2.67,2.76,2.58,2.82,2.69,2.5,2.51,2.85,2.9025,2.955,2.79
1,5.96,3.76,3.76,4.265,4.77,4.6975,4.625,3.53,3.12,3.895,4.67,4.455,4.24,5.58,15.954000000000002
1,4.58,4.01,4.54,4.24,3.5,3.07,2.9766666666666666,3.19,3.35,2.88,2.82,3.29,2.98,3.2249999999999996,2.518
0,1.405,1.45,1.2366666666666666,1.2383333333333333,1.24,0.82,1.05,0.98,1.06,0.89,1.04,0.83,1.01,1.07,1.02
0,1.82,1.82,1.82,1.82,1.82,1.4,1.24,1.155,1.07,1.16,1.07,0.99,0.77,1.02,0.79
0,12.02,12.12,13.79,14.26,13.335,12.41,13.09,13.04,13.05,12.795,12.54,12.88,13.170000000000002,13.46,13.8
0,2.065,1.9024999999999999,1.9024999999999999,1.74,2.15,2.395,2.64,2.48,2.355,2.23,3.88,2.15,2.485,2.82,2.06
0,2.74,2.55,2.48,2.126666666666667,2.0,1.71,1.93,1.9274999999999998,1.9249999999999998,2.01,1.9499999999999997,1.89,1.77,1.97,1.81
1,10.34,6.61,6.53,6.45,7.056666666666666,4.88,4.54,4.12,3.7,3.26,3.1333333333333333,2.8075,2.62,3.2750000000000004,2.716666666666667
0,0.9633333333333333,0.9633333333333333,0.91,0.91,1.16,1.16,1.24,1.32,1.16,1.32,1.24,1.4,1.45,1.61,1.69
1,5.8999999999999995,5.8999999999999995,5.8999999999999995,5.8999999999999995,5.8999999999999995,5.12,4.5225,3.925,3.88,3.8,3.31,3.14,3.305,3.14,5.5375
0,1.07,1.07,1.07,1.07,1.06,1.01,0.99,1.01,0.95,0.95,0.69,0.865,1.04,0.95,0.95
1,16.155,16.155,16.155,16.155,16.155,16.155,9.283333333333333,3.38,2.5,2.54,1.87,1.9,2.0,1.9,1.7400000000000002
0,2.98,2.895,2.895,2.81,3.143333333333333,2.98,2.73,2.73,2.73,2.56,2.64,2.7025,2.765,2.765,2.765
1,2.1,2.48,2.065,2.07,2.07,2.4,2.23,2.48,2.07,1.98,2.48,2.81,2.73,2.98,3.6
0,1.9,1.8125,1.725,1.79,2.025,2.26,1.88,2.07,2.02,1.84,1.995,2.15,2.34,1.63,1.83
1,2.2,2.6,2.3,2.1849999999999996,2.07,2.045,2.02,1.77,1.96,1.62,2.28,2.24,2.123333333333333,2.31,2.7500000000000004
1,19.64,19.64,19.64,4.86,4.33,3.185,2.67,2.35,2.7266666666666666,3.37,3.88,4.6875,5.495,16.53,6136.364
1,8.596666666666666,8.596666666666666,7.44,6.61,6.12,6.03,5.7700000000000005,5.510000000000001,5.79,5.54,6.28,13.672,26.23,85.95,1308.6799999999998
1,5.93,5.4,4.115,4.115,4.115,2.83,4.01,4.24,3.36,3.41,3.38,3.5149999999999997,3.65,3.32,3.8066666666666666
0,1.87,1.87,1.12,1.21,1.45,1.45,1.42,1.39,1.48,1.495,1.3466666666666667,1.53,1.63,1.395,1.4849999999999999
0,2.64,2.64,2.64,2.64,2.64,2.5,3.07,3.1,3.69,4.18,4.4399999999999995,4.7,4.55,5.1,5.62
1,0.66,1.045,0.96,1.13,1.1099999999999999,0.96,1.12,1.13,0.96,1.04,1.1,1.59,3.93,26.323333333333334,151.22363636363636
1,82.79,82.79,82.79,82.79,82.79,82.79,29.71,30.77,42.465,8.28,6.1899999999999995,5.4,5.3,4.02,4.952500000000001
0,2.0,1.7,1.9,1.9,2.0,1.9,2.0,2.1,2.2,1.9,1.91,1.92,1.77,2.04,1.92
1,2.7649999999999997,2.61,2.2649999999999997,2.01,1.9666666666666668,1.74,1.6866666666666665,1.9,1.78,1.26,1.33,1.33,1.02,1.8050000000000002,19.5475
1,2.55,2.55,2.55,2.55,2.495,2.99,2.615,2.4475,1.69,2.23,1.8599999999999999,2.19,3.2533333333333334,4.38,12.395999999999999
0,1.7,1.7,1.6,1.55,1.7999999999999998,1.7,1.4,1.6,1.7,1.615,1.35,1.6,1.585,1.53,1.9849999999999999
0,6.966666666666666,5.87,7.27,5.29,5.29,6.03,5.33,4.79,5.21,5.0,4.79,4.88,5.29,5.29,5.95
1,10.200000000000001,10.200000000000001,10.200000000000001,10.200000000000001,10.200000000000001,10.200000000000001,8.64,7.57,6.69,5.65,5.905,4.23,4.4,4.234999999999999,4.025
0,2.0,2.0,2.0,1.5,1.65,1.3333333333333333,1.5,1.7,1.5,1.5,1.51,1.385,1.2333333333333334,1.31,1.385
1,2.3,1.9,2.3,2.2,2.1,2.02,2.21,2.25,2.32,2.34,2.2749999999999995,2.2099999999999995,2.6,28.83,197.84
1,5.32,4.835,14.29857142857143,3.76,3.7800000000000002,3.563333333333333,3.02,3.0500000000000003,3.32,2.67,2.31,3.1100000000000003,2.69,2.9066666666666663,3.06
1,4.74,4.91,4.71,4.26,3.6,3.73,3.66,3.81,3.64,3.63,4.07,4.335,4.6,5.89,7.210000000000001
0,1.8,1.8,1.956666666666667,2.1133333333333337,2.28,2.53,2.325,2.12,2.13,2.52,2.17,2.22,2.47,1.7,2.5
0,18.04,15.883333333333335,12.185,11.543333333333335,11.075,9.57,8.056666666666667,8.17,6.66,5.88,5.1,4.449999999999999,3.82,3.39,2.6
1,3.05,2.78,2.51,2.54,2.33,2.12,2.85,2.37,2.51,2.73,2.74,2.255,2.1550000000000002,2.06,2.3325
0,11.45,9.625,9.025833333333335,8.426666666666668,8.44,6.5,7.63,6.66,5.69,6.6,6.07,6.255000000000001,6.44,6.31,6.29
0,4.08,4.08,4.08,4.08,4.08,3.59,3.733333333333333,3.2366666666666664,3.395,3.76,3.62,3.55,3.6399999999999997,3.73,3.33
0,3.15,3.115,3.08,3.085,2.776666666666667,1.9849999999999999,2.4333333333333336,3.8766666666666665,3.4,3.7433333333333336,3.43,3.87,4.22,3.92,4.532500000000001
0,2.5,2.5,2.5,2.5,1.38,2.02,1.4333333333333333,3.01,2.15,1.8233333333333335,2.08,2.245,2.41,1.57,1.71
0,4.96,3.465,1.97,1.99,1.97,1.76,1.8,1.84,1.84,2.0,1.88,1.92,1.96,1.96,1.97
0,4.77,4.21,3.58,3.57,3.3433333333333333,2.75,2.7350000000000003,2.72,2.62,2.555,2.49,2.62,2.21,2.01,1.94
0,1.71,1.585,1.46,1.5,1.92,2.22,1.6,1.35,1.26,1.095,0.93,1.48,1.25,1.02,1.55
0,2.46,2.52,2.62,2.47,2.28,2.42,3.07,2.24,2.5999999999999996,2.4266666666666667,2.1733333333333333,2.58,2.785,2.99,2.9050000000000002
1,9.4,7.53,6.77,6.39,5.595,4.8,4.2,3.8,3.7,3.3,3.2,3.0,3.0,3.0,2.5999999999999996
0,1.07,1.07,1.135,1.2,1.4,1.44,1.56,1.68,1.02,1.1833333333333333,1.3466666666666667,1.4283333333333332,1.51,1.52,1.38
1,2.4,2.4000000000000004,2.2800000000000002,2.16,2.17,2.2866666666666666,2.48,2.69,3.79,3.52,4.95,4.33,6.31,9.1,31.986666666666668
1,3.37,3.59,3.87,3.41,3.51,3.61,3.4699999999999998,3.4699999999999998,3.33,3.24,3.15,2.7908333333333335,2.431666666666667,2.63,2.4575
1,2.76,2.31,1.5899999999999999,1.6099999999999999,1.63,1.65,1.49,1.65,1.49,1.24,1.405,1.57,1.74,1.65,1.4866666666666666
0,2.87,2.925,2.98,3.14,3.22,3.22,3.14,3.06,4.55,3.8,2.81,3.64,2.89,3.0775,3.265
0,2.55,2.36,2.2249999999999996,2.09,2.55,2.55,2.415,2.28,2.235,2.19,2.06,2.07,2.29,2.2325,2.175
1,5.8,5.8,24.7,8.466666666666667,10.7,41.99,120.46,279.47,988.0066666666668,544.05,338.2,723.1433333333333,800.0216666666668,876.9000000000001,44023.43
1,12.31,12.31,12.31,8.76,4.07,3.23,2.79,2.725,2.66,2.63,2.6,2.54,2.63,3.0555555555555554,3.4811111111111113
1,3.62,3.62,3.62,3.62,3.62,3.2,2.2,2.8666666666666667,3.1,3.4,3.1,3.2,3.7,4.5,4.466666666666667
0,1.21,1.17,1.31,1.2633333333333334,1.17,1.31,1.36,2.02,1.8,2.25,1.71,1.67,1.86,1.8900000000000001,1.92
1,3.5650000000000004,3.5650000000000004,3.5650000000000004,3.5650000000000004,3.5650000000000004,4.31,3.83,3.86,4.21,2.74,4.03,3.505,3.526666666666667,3.762083333333334,3.9975000000000005
0,6.39,5.8100000000000005,5.23,4.83,5.3,4.34,4.495,4.65,4.31,4.45,4.03,4.325,4.62,5.01,4.35
0,2.18,2.18,1.64,1.5,1.54,1.88,1.98,1.6,1.36,1.455,1.55,1.47,1.57,1.99,1.52
1,3.22,2.56,2.37,2.393333333333333,2.085,2.16,2.55,3.0933333333333333,2.774,2.465,1.9533333333333338,2.17,3.998,6.68,16.52
0,1.8699999999999999,2.23,1.57,1.65,1.6724999999999999,1.6949999999999998,1.7974999999999999,1.9,1.82,1.65,1.65,1.79,1.79,1.93,1.835
0,6.38,6.38,6.38,6.38,5.98,5.27,5.54,5.325,5.11,5.64,5.84,5.65,5.46,4.8,5.37
1,2.48,2.065,1.65,1.65,1.83,1.86,1.52,1.83,1.86,1.28,1.77,1.6720000000000002,1.78,3.47,4.028333333333333
0,2.4,2.48,2.52,2.56,2.56,2.4,2.81,2.4,2.64,3.22,2.98,2.4,2.64,3.06,2.48
1,6.516666666666667,6.516666666666667,6.516666666666667,5.51,5.280000000000001,4.06,3.995,3.97,2.92,2.69,2.34,2.4000000000000004,2.3880000000000003,2.905,2.4799999999999995
0,1.4449999999999998,1.3824999999999998,1.32,1.32,1.32,1.32,1.3599999999999999,1.4,1.32,1.65,1.32,1.16,1.64,1.4725,1.305
0,2.0,2.475,2.95,3.3,3.35,3.27,3.51,3.75,3.23,3.43,3.23,3.55,3.75,3.34,3.46
1,1.01,2.69,2.76,3.16,1.76,2.895,3.8,3.64,3.06,2.98,3.64,5.54,21.155,43.333333333333336,370.58
1,1.35,1.2650000000000001,1.18,1.02,1.045,1.07,0.95,0.83,0.9299999999999999,1.03,1.0150000000000001,1.0,221.53,75.04,1552.6149999999998
1,7.859999999999999,6.3,5.01,4.47,4.89,4.49,3.8,3.77,3.38,3.425,3.47,3.65,3.42,3.19,3.17
0,2.23,2.23,1.4,1.32,0.99,1.16,0.99,1.24,1.115,0.99,0.8833333333333333,0.99,0.91,0.99,0.95
0,3.2,2.55,2.2,1.7,2.5,2.62,2.4,3.3,2.6999999999999997,2.3,2.5633333333333335,3.52,3.785,3.823333333333333,2.915
0,2.025,2.025,1.7125,1.4,1.65,1.74,1.4,1.4,1.24,1.24,1.3199999999999998,1.4,1.3233333333333333,0.97,0.98
1,2.81,2.89,2.6,2.31,2.475,2.64,2.685,2.73,2.52,2.31,2.64,2.56,3.22,3.2824999999999998,3.3449999999999998
0,3.4,3.31,3.42,3.23,3.04,3.79,3.715,3.64,3.6900000000000004,3.74,4.17,4.31,3.67,3.16,4.0
0,4.42,3.5,3.455,3.41,2.76,2.945,3.13,2.68,3.17,2.745,2.32,2.64,2.59,2.54,2.75
1,4.82,4.265,4.41,4.5,4.2,3.6999999999999997,3.9,2.9,3.05,3.2,4.5,5.0,5.5,5.5649999999999995,5.629999999999999
1,27.31,30.41,33.25,31.979999999999997,25.33,32.2,39.07,32.925,26.78,25.5,24.22,19.08,121.25142857142858,164.426,698.83
0,4.79,4.335,3.88,4.05,3.47,3.47,3.51,3.55,3.47,3.39,3.55,3.51,3.47,3.22,2.89
0,3.21,3.21,2.02,2.06,1.8900000000000001,1.8900000000000001,2.1925,2.3259999999999996,1.8,1.83,1.86,2.315,2.17,2.165,2.42
0,2.05,1.92,1.68,1.44,1.73,1.61,1.7,1.9,2.17,1.56,1.83,1.71,1.78,1.8,1.825
1,4.13,4.19,3.16,3.14,2.88,2.81,2.65,2.39,2.92,2.19,1.89,2.02,2.21,2.08,1.905
1,1.65,1.92,2.2066666666666666,1.875,2.31,2.26,1.45,1.98,2.19,2.23,2.27,2.33,232.96312499999996,232.96312499999996,463.59624999999994
0,3.72,3.72,2.56,3.14,2.98,2.73,3.02,3.31,3.14,2.73,3.31,3.185,3.06,2.91,3.24
0,1.91,1.91,1.355,1.21,1.51,1.51,1.51,1.6,1.44,1.63,1.5574999999999999,1.4849999999999999,1.6,1.47,1.61
0,2.0,2.0,1.9,2.0,2.0,2.05,2.1,2.2,1.9,1.8,1.75,1.7,1.78,1.81,2.1
1,15.535,8.335,6.3375,4.34,3.855,3.37,3.14,2.35,3.29,2.9,2.48,2.54,3.13,3.32,22.14
1,7.88,7.88,7.88,7.88,5.725,5.4,3.93,3.75,3.255,2.975,2.42,2.65,2.34,5.78,49.89399999999999
1,4.5,3.6,2.51,2.09,1.95,2.03,1.82,1.865,1.91,1.54,1.6,1.64,1.69,1.98,2.27
0,1.57,1.57,1.57,1.57,1.57,1.52,1.45,1.6066666666666667,1.22,1.41,1.32,1.39,1.59,1.43,1.4100000000000001
1,2.55,2.115,1.9249999999999998,2.0533333333333332,2.0549999999999997,1.18,0.93,1.16,1.39,2.1625,2.2275,12.2,9.79,15.6,47.43
1,7.0,4.07,3.7299999999999995,3.02,2.11,1.87,2.14,1.8833333333333335,1.57,2.07,2.21,1.9,1.9,2.15,2.89
0,2.91,2.49,2.28,2.03,2.2249999999999996,2.42,2.35,2.52,1.91,2.3,2.32,2.5300000000000002,2.74,2.29,2.24
0,2.69,2.69,2.69,2.69,2.88,2.84,2.8,2.43,2.68,2.5250000000000004,2.37,2.52,2.44,2.36,2.68
0,2.07,2.07,1.62,1.67,1.585,1.5,1.53,1.64,1.4,1.4,1.455,1.51,1.42,1.36,1.23
1,12.39,12.39,12.39,12.39,6.63,6.5633333333333335,4.88,4.605,3.27,2.83,2.79,2.69,4.64,6.975,12.709999999999999
1,4.13,3.31,3.31,3.31,2.48,2.48,2.48,2.97,2.71,2.83,2.5,2.76,2.48,4.3,10.513333333333332
0,4.48,3.87,3.685,3.5,3.4,3.56,3.99,3.7350000000000003,3.48,3.5,3.74,3.745,3.75,3.45,3.22
0,1.32,1.32,1.445,1.57,1.7349999999999999,1.9,1.65,1.4,1.5699999999999998,1.74,1.24,1.65,1.49,1.57,1.74
1,2.49,1.295,1.3733333333333333,1.22,1.2066666666666668,1.16,1.0433333333333332,0.85,0.84,0.88,0.895,0.96,0.94,0.97,1.0
0,2.64,2.98,2.935,2.89,2.73,2.89,2.56,2.81,2.935,3.06,2.48,2.98,2.4,3.0,3.07
0,1.87,1.87,1.24,1.27,1.62,1.45,1.505,1.56,1.54,1.63,1.39,1.54,1.69,1.62,1.84
0,8.77,8.715,8.66,7.465,8.4,7.330000000000001,9.04,8.88,7.02,7.43,7.21,8.36,7.78,8.105,8.43
0,1.83,1.69,1.755,1.82,1.7666666666666666,1.98,1.6099999999999999,1.7349999999999999,1.57,1.8599999999999999,2.15,4.13,6.36,63.80499999999999,152.34
1,1.55,1.46,1.16,1.1833333333333333,1.1616666666666666,1.14,1.61,1.4900000000000002,1.37,1.93,2.315,2.7,2.658333333333333,2.6166666666666667,5.26
1,1.17,1.065,1.15,1.06,1.08,1.0,0.94,1.12,1.1566666666666665,1.1075,1.025,1.89,1.4,1.88,2.14
0,5.3,4.2,3.5,4.75,4.6,4.3,4.199999999999999,4.15,4.211666666666667,4.273333333333333,3.85,3.72,4.033333333333334,5.0,4.565
0,4.74,4.6,4.05,4.09,3.8,4.46,4.17,3.88,4.38,3.945,3.51,3.45,4.33,3.9299999999999997,3.53
1,2.23,2.4,2.31,2.4,2.31,2.23,2.23,2.4,2.4,2.15,1.82,1.65,1.9,2.15,405.535
0,4.71,4.71,4.05,4.3,4.489999999999999,4.79,4.63,3.72,4.255,4.05,4.13,4.21,3.69,4.025,4.14
0,1.43,1.43,1.31,1.55,1.6800000000000002,1.81,1.55,1.34,1.455,1.57,1.41,1.7399999999999998,2.07,1.45,1.83
0,5.6,5.6,5.6,4.033333333333334,3.1,2.9000000000000004,2.7,2.4,2.4,2.4,2.125,2.04,2.13,1.9649999999999999,1.7999999999999998
0,2.53,2.53,2.53,2.53,2.53,2.53,2.8550000000000004,2.62,2.1766666666666663,2.5,2.145,2.33,2.39,2.26,2.1
0,1.89,2.07,1.9849999999999999,2.03,2.06,1.84,1.94,1.86,1.74,1.79,1.8900000000000001,1.99,2.13,2.2350000000000003,2.12
0,2.31,1.81,2.01,2.21,2.53,2.6066666666666665,2.6833333333333336,3.14,2.29,2.1,1.97,1.445,2.85,3.295,2.733333333333333
1,13.67,13.67,13.67,13.67,13.67,8.56,5.79,5.34,4.24,4.0,3.1,2.6,2.6500000000000004,2.7,2.9499999999999997
0,4.21,4.21,4.21,3.5,2.19,1.62,1.35,1.18,1.18,1.47,1.295,1.12,1.4,1.775,12.275
0,2.85,2.85,2.85,2.85,1.76,1.355,1.31,1.26,1.26,1.23,1.12,1.0,0.83,0.8699999999999999,0.9099999999999999
1,5.94,5.94,5.94,5.94,5.94,8.39,4.07,11.274999999999999,14.42,6.83,2.45,2.01,2.51,2.635,4.316666666666666
0,1.455,1.34,1.3599999999999999,1.38,1.49,1.2533333333333332,1.32,1.3199999999999998,1.3199999999999998,1.2475,1.175,1.4,1.1,1.3966666666666665,1.42
1,3.54,2.17,2.005,1.84,1.82,1.8,1.7233333333333334,1.83,2.08,2.33,2.7750000000000004,3.22,3.12,7.1,13.97
1,29.25,29.25,29.25,29.25,29.25,29.25,15.353333333333333,2.97,2.36,1.8966666666666665,1.68,1.8900000000000001,1.7233333333333334,1.82,4.71
1,5.9,5.9,5.9,4.85,5.4350000000000005,5.446666666666666,6.1,6.665,3.45,3.09,3.69,4.43,4.53,4.088888888888889,4.697777777777778
0,2.3,1.75,1.76,2.03,1.77,1.77,1.71,1.645,1.58,1.59,1.53,1.52,1.62,1.83,1.97
0,2.44,2.44,2.2,2.5,2.52,2.54,2.45,2.62,2.55,2.26,2.3469999999999995,2.4339999999999997,2.557,2.68,2.32
0,5.54,5.54,5.54,4.55,4.79,4.63,4.05,4.21,3.06,3.0575,3.055,2.56,2.275,1.99,1.83
1,11.32,11.32,11.32,4.77,3.88,2.99,2.93,2.676666666666667,2.25,2.34,2.23,2.13,2.03,5.38,7.885
0,2.5,2.2800000000000002,2.06,1.9,2.22,2.05,1.91,2.14,1.98,1.95,1.93,1.91,1.65,2.17,1.74
1,9.01,9.01,5.7,5.4025,5.1049999999999995,6.81,4.29,3.4333333333333336,2.71,2.73,2.855,2.81,3.75,4.98,9.7925
1,4.14,4.14,4.14,2.59,2.206666666666667,2.3,1.9849999999999999,1.59,1.22,1.08,1.33,1.215,1.06,1.1,1.125
1,1.9,1.75,1.6,1.4500000000000002,1.3,1.2,1.5,1.6,1.5,1.51,1.7,1.62,2.01,1.85,1.6900000000000002
0,2.8,2.8,2.8,2.8,2.8,2.5,2.0,2.3,1.6,1.725,1.6,1.7650000000000001,2.44,2.72,2.05
0,2.5,2.1,2.1,2.0,2.1,2.1,2.1,2.2,2.0,2.26,2.0,1.99,2.26,2.24,3.3433333333333333
0,1.4,1.4,1.4,1.5,1.5,1.7,1.8,1.5666666666666667,1.4,1.53,1.63,1.66,1.315,1.37,1.5899999999999999
1,20.415,20.415,20.415,20.415,20.415,20.415,40.25,27.52,11.74,9.26,10.25,9.59,9.34,12.605,41.92666666666667
1,20.33,9.26,6.12,5.37,5.29,4.875,4.46,4.13,4.46,4.71,4.96,20.936666666666667,3.45,4.783333333333334,41.07
0,2.07,2.04,2.32,2.38,2.16,2.2199999999999998,2.2199999999999998,2.28,2.62,2.88,2.39,2.25,2.378333333333333,2.5066666666666664,2.58
1,3.35,2.61,2.24,2.55,2.2099999999999995,1.62,2.2233333333333336,1.96,2.1799999999999997,2.4,2.62,2.5,5.405,5.405,8.31
1,3.0,3.0,2.5,2.375,2.25,1.975,1.7,1.12,1.17,1.22,1.96,3.755,5.55,6.59,47.64
0,8.465,6.400000000000001,4.956666666666667,4.63,4.88,5.29,5.7,5.495,5.29,6.36,7.36,7.19,11.4,11.115,8.344999999999999
0,1.34,1.11,1.335,1.47,1.5,1.39,1.34,1.94,1.88,2.1,1.98,1.95,2.17,2.39,2.51
1,3.02,3.02,3.02,3.02,3.02,3.02,1.17,1.1175,0.7725000000000001,0.98,1.12,0.93,0.76,0.83,1.0266666666666666
1,19.4,19.4,19.4,19.4,10.5,8.95,7.4,5.85,4.3,3.6,3.9,3.8,3.0685714285714285,3.04,3.232
0,1.22,1.085,1.1,1.25,1.13,1.11,1.2,1.165,1.13,1.43,1.075,1.05,1.29,1.2466666666666668,1.39
0,2.08,1.8599999999999999,1.64,1.75,1.26,1.65,1.59,1.52,1.475,1.43,1.69,1.95,1.91,2.21,1.68
1,3.285,3.285,3.285,2.98,2.78,2.013333333333333,2.6550000000000002,2.393333333333333,2.79,2.06,2.145,1.67,3.3,30.77,515.9483333333334
0,15.258,15.258,15.258,15.258,15.258,15.258,5.692500000000001,4.68,4.405,3.6166666666666667,2.98,3.4699999999999998,2.94,3.04,2.9966666666666666
1,1.4,1.4,1.98,2.07,1.65,1.9,1.82,1.74,1.65,1.74,1.98,2.27,2.56,6.61,1307.2740000000001
0,3.71,2.75,2.5700000000000003,2.39,2.12,2.12,2.2466666666666666,2.26,1.71,1.925,1.73,1.74,1.7366666666666666,1.71,1.8849999999999998
0,2.98,2.71,1.49,1.62,1.88,1.84,1.7650000000000001,1.69,1.53,1.46,1.46,1.46,1.435,1.48,1.525
0,2.98,2.73,2.48,2.81,2.77,2.73,2.31,2.6,2.89,2.89,2.765,2.64,2.23,2.79,3.49
0,4.16,4.37,4.03,3.45,3.24,3.225,3.21,3.68,2.82,3.21,3.3975,3.585,3.25,3.47,2.9299999999999997
0,10.45,10.45,10.45,10.45,10.45,10.45,6.24,6.88,4.29,3.77,3.68,3.23,3.6550000000000002,3.48,3.1550000000000002
0,7.1,7.1,5.7,5.0,4.5,4.15,3.8,3.3,3.2,3.13,3.06,2.63,2.76,2.72,2.59
0,3.06,3.31,3.14,2.64,2.48,2.07,2.23,1.9,1.9,1.9,1.9,2.07,1.98,1.74,1.9
0,1.57,1.57,1.57,1.57,1.57,1.57,1.4,1.24,1.32,1.3599999999999999,1.49,1.57,1.15,1.24,1.41
0,26.4,26.4,2.3,1.9,2.066666666666667,1.7333333333333334,1.9,1.7,1.7,1.78,1.59,1.2850000000000001,1.3,1.46,1.3599999999999999
0,2.4,2.4,2.4,2.4,2.4,2.0,2.0,1.8,1.95,1.72,1.46,1.59,1.56,1.53,1.5
0,3.97,3.97,3.97,3.97,3.97,3.97,3.8,3.55,3.14,3.88,3.72,3.22,3.22,3.45,3.47
0,8.68,8.68,8.68,8.68,5.27,3.74,3.49,3.31,3.13,3.23,3.15,3.07,2.98,2.35,2.23
0,1.82,1.82,1.82,1.82,1.82,1.82,1.82,1.8066666666666666,1.7933333333333332,1.74,1.57,1.57,2.31,1.74,1.82
