0,-0.998537912853159,-0.7302176273752,-0.442886973511835,0.0215735899837058,0.699012356841995,0.769005429749568,0.76411039110761,0.163247735049056
0,-1.60353512973819,-1.6265109913807,-1.45229029456818,-1.0854033465435,0.094225008595276,0.805754635201989,1.12654334254171,1.10380427257403,1.01054885019867
0,-2.04862080862558,-0.363549233360622,-0.734607185954443,1.38352682836665,0.926874554399561,-1.16148738568037,-0.971282217031799,1.11727555257686,2.63021879453612,1.04727399748911
0,0.35990415994851,-1.65921616629254,-1.80294862126767,-0.240493156623322,-0.303377212486182,0.898660073765618,0.596862290392744,-2.11292861224676,0.699854299297648,2.26744857678451,0.919487275862451,0.590504038084048
0,0.421841589098468,0.503581223621068,-3.20414065638757,-2.34393745102958,2.70376007100938,2.99756318474529,2.96369415822671,2.3780728691464,2.66066354103036,2.43394496741081,2.59127038540512,2.61909519368335
0,0.558649050152001,0.563700694800919,0.471394970344161,0.491032148411153,1.22808119624461,0.998710666972689,0.634255181411907
0,2.2346511948712,1.85605912370827,1.59531226695063,1.69772963350432,1.59334861562368,1.59569137584551
1,0.866991413209609,-0.162153023508129,-1.19162983080268,2.53484247018909,2.11300669084807
1,-2.14084335424772,0.901312015274814,1.46607845905223,-0.0284003681635033,0.481362379148229,-0.247607893093897,1.11346586501409,-0.943295659253227,-0.358869447899823
1,-2.25452542485176,1.12227335845541,1.41084065373378,0.13886786825349,0.65051106517112,0.066394124542213,1.19117566786702,-0.881108404670038,-1.24450361367504,0.687852323635002
1,-2.32005464077886,-2.21081026134036,-1.64001901948109,-1.70378886401789,0.848619056561535,0.406364341352589,-0.297290932958712,0.116116718096677,-0.0380742406467642,3.03032101202114,0.172143307439503
1,-2.75134199712033,-1.10729602676935,0.556282596583496,2.25428723569482,2.32385134512954,2.09309536421923,0.0657168623992988,-1.00486232731036,0.843691731751039,1.2973554860174,0.955335492716436
1,0.734552779134308,-2.42090037444046,-2.81164010207919,-1.54212917782608,1.29420074031375,2.45900918241855,1.45427062797046,0.542730074787477,-0.121594435398898,-0.834616738200656,0.695638474443228,0.492850590474353
1,0.420880704749054,-2.74978729542706,-1.14852719941595,0.415792307848043,2.24441191254962,2.37165787458424,2.1090965929862,0.0136831306380358,-1.00204608183191,0.965930586349954,1.32997601914119,0.769722098413309
