0,7.216322210879342,7.216322210879342,7.216322210879342,7.216322210879342,7.216322210879342
0,7.216322210879342,7.216322210879342,7.216322210879342,7.216322210879342,7.216322210879342
0,7.216322210879342,7.216322210879342,7.216322210879342,7.216322210879342,7.216322210879342
0,7.216322210879342,7.216322210879342,7.216322210879342,7.216322210879342,7.216322210879342,7.216322210879342,7.216322210879342,7.216322210879342,7.216322210879342,7.216322210879342
0,7.216322210879342,7.216322210879342,7.216322210879342,7.216322210879342,7.216322210879342,7.216322210879342,7.216322210879342,7.216322210879342,7.216322210879342,7.216322210879342
0,7.216322210879342,7.216322210879342,7.216322210879342,7.216322210879342,7.216322210879342,7.216322210879342,7.216322210879342,7.216322210879342,7.216322210879342,7.216322210879342
0,7.216322210879342,7.216322210879342,7.216322210879342,7.216322210879342,7.216322210879342
0,7.216322210879342,7.216322210879342,7.216322210879342,7.216322210879342,7.216322210879342,7.216322210879342,7.216322210879342,7.216322210879342,7.216322210879342,7.216322210879342
0,7.216322210879342,7.216322210879342,7.216322210879342,7.216322210879342,7.216322210879342,7.216322210879342,7.216322210879342,7.216322210879342,7.216322210879342,7.216322210879342
0,7.216322210879342,7.216322210879342,7.216322210879342,7.216322210879342,7.216322210879342,7.216322210879342,7.216322210879342,7.216322210879342,7.216322210879342,7.216322210879342
0,7.216322210879342,7.216322210879342,7.216322210879342,7.216322210879342,7.216322210879342,7.216322210879342,7.216322210879342,7.216322210879342,7.216322210879342,7.216322210879342
0,7.216322210879342,7.216322210879342,7.216322210879342,7.216322210879342,7.216322210879342,7.216322210879342,7.216322210879342,7.216322210879342,7.216322210879342,7.216322210879342
0,7.216322210879342,7.216322210879342,7.216322210879342,7.216322210879342,7.216322210879342,7.216322210879342,7.216322210879342,7.216322210879342,7.216322210879342,7.216322210879342
0,7.216322210879342,7.216322210879342,7.216322210879342,7.216322210879342,7.216322210879342,7.216322210879342,7.216322210879342,7.216322210879342,7.216322210879342,7.216322210879342
0,7.216322210879342,7.216322210879342,7.216322210879342,7.216322210879342,7.216322210879342,7.216322210879342,7.216322210879342,7.216322210879342,7.216322210879342,7.216322210879342
0,7.216322210879342,7.216322210879342,7.216322210879342,7.216322210879342,7.216322210879342,7.216322210879342,7.216322210879342,7.216322210879342,7.216322210879342,7.216322210879342
0,7.216322210879342,7.216322210879342,7.216322210879342,7.216322210879342,7.216322210879342,7.216322210879342,7.216322210879342,7.216322210879342,7.216322210879342,7.216322210879342
0,7.216322210879342,7.216322210879342,7.216322210879342,7.216322210879342,7.216322210879342,7.216322210879342,7.216322210879342,7.216322210879342,7.216322210879342,7.216322210879342
0,7.216322210879342,7.216322210879342,7.216322210879342,7.216322210879342,7.216322210879342,7.216322210879342,7.216322210879342,7.216322210879342,7.216322210879342,7.216322210879342
0,7.216322210879342,7.216322210879342,7.216322210879342,7.216322210879342,7.216322210879342,7.216322210879342,7.216322210879342,7.216322210879342,7.216322210879342,7.216322210879342
0,7.216322210879342,7.216322210879342,7.216322210879342,7.216322210879342,7.216322210879342,7.216322210879342,7.216322210879342,7.216322210879342,7.216322210879342,7.216322210879342
0,7.216322210879342,7.216322210879342,7.216322210879342,7.216322210879342,7.216322210879342,7.216322210879342,7.216322210879342,7.216322210879342,7.216322210879342,7.216322210879342
0,7.216322210879342,7.216322210879342,7.216322210879342,7.216322210879342,7.216322210879342,7.216322210879342,7.216322210879342,7.216322210879342,7.216322210879342,7.216322210879342
0,7.216322210879342,7.216322210879342,7.216322210879342,7.216322210879342,7.216322210879342,7.216322210879342,7.216322210879342,7.216322210879342,7.216322210879342,7.216322210879342
0,7.216322210879342,7.216322210879342,7.216322210879342,7.216322210879342,7.216322210879342,7.216322210879342,7.216322210879342,7.216322210879342,7.216322210879342,7.216322210879342
0,7.216322210879342,7.216322210879342,7.216322210879342,7.216322210879342,7.216322210879342,7.216322210879342,7.216322210879342,7.216322210879342,7.216322210879342,7.216322210879342
0,7.216322210879342,7.216322210879342,7.216322210879342,7.216322210879342,7.216322210879342,7.216322210879342,7.216322210879342,7.216322210879342,7.216322210879342,7.216322210879342
0,7.216322210879342,7.216322210879342,7.216322210879342,7.216322210879342,7.216322210879342,7.216322210879342,7.216322210879342,7.216322210879342,7.216322210879342,7.216322210879342
0,7.216322210879342,7.216322210879342,7.216322210879342,7.216322210879342,7.216322210879342,7.216322210879342,7.216322210879342,7.216322210879342,7.216322210879342,7.216322210879342
0,7.216322210879342,7.216322210879342,7.216322210879342,7.216322210879342,7.216322210879342,7.216322210879342,7.216322210879342,7.216322210879342,7.216322210879342,7.216322210879342
0,7.216322210879342,7.216322210879342,7.216322210879342,7.216322210879342,7.216322210879342,7.216322210879342,7.216322210879342,7.216322210879342,7.216322210879342,7.216322210879342
0,7.216322210879342,7.216322210879342,7.216322210879342,7.216322210879342,7.216322210879342,7.216322210879342,7.216322210879342,7.216322210879342,7.216322210879342,7.216322210879342
0,7.216322210879342,7.216322210879342,7.216322210879342,7.216322210879342,7.216322210879342,7.216322210879342,7.216322210879342,7.216322210879342,7.216322210879342,7.216322210879342
0,7.216322210879342,7.216322210879342,7.216322210879342,7.216322210879342,7.216322210879342,7.216322210879342,7.216322210879342,7.216322210879342,7.216322210879342,7.216322210879342
0,7.216322210879342,7.216322210879342,7.216322210879342,7.216322210879342,7.216322210879342,7.216322210879342,7.216322210879342,7.216322210879342,7.216322210879342,7.216322210879342
0,7.216322210879342,7.216322210879342,7.216322210879342,7.216322210879342,7.216322210879342,7.216322210879342,7.216322210879342,7.216322210879342,7.216322210879342,7.216322210879342
0,7.216322210879342,7.216322210879342,7.216322210879342,7.216322210879342,7.216322210879342,7.216322210879342,7.216322210879342,7.216322210879342,7.216322210879342,7.216322210879342
0,7.216322210879342,7.216322210879342,7.216322210879342,7.216322210879342,7.216322210879342,7.216322210879342,7.216322210879342,7.216322210879342,7.216322210879342,7.216322210879342
0,7.216322210879342,7.216322210879342,7.216322210879342,7.216322210879342,7.216322210879342,7.216322210879342,7.216322210879342,7.216322210879342,7.216322210879342,7.216322210879342
0,7.216322210879342,7.216322210879342,7.216322210879342,7.216322210879342,7.216322210879342,7.216322210879342,7.216322210879342,7.216322210879342,7.216322210879342,7.216322210879342
0,7.216322210879342,7.216322210879342,7.216322210879342,7.216322210879342,7.216322210879342,7.216322210879342,7.216322210879342,7.216322210879342,7.216322210879342,7.216322210879342
0,7.216322210879342,7.216322210879342,7.216322210879342,7.216322210879342,7.216322210879342,7.216322210879342,7.216322210879342,7.216322210879342,7.216322210879342,7.216322210879342
0,7.216322210879342,7.216322210879342,7.216322210879342,7.216322210879342,7.216322210879342,7.216322210879342,7.216322210879342,7.216322210879342,7.216322210879342,7.216322210879342
0,7.216322210879342,7.216322210879342,7.216322210879342,7.216322210879342,7.216322210879342,7.216322210879342,7.216322210879342,7.216322210879342,7.216322210879342,7.216322210879342
0,7.216322210879342,7.216322210879342,7.216322210879342,7.216322210879342,7.216322210879342,7.216322210879342,7.216322210879342,7.216322210879342,7.216322210879342,7.216322210879342
0,7.216322210879342,7.216322210879342,7.216322210879342,7.216322210879343,7.216322210879342,7.216322210879342,7.216322210879342,7.216322210879342,7.216322210879342,7.216322210879342
0,7.216322210879342,7.216322210879342,7.216322210879342,7.216322210879342,7.216322210879342
0,7.216322210879342,7.216322210879342,7.216322210879342,7.216322210879342,7.216322210879342,7.216322210879342,7.216322210879342,7.216322210879342,7.216322210879342,7.216322210879342
0,7.216322210879342,7.216322210879342,7.216322210879342,7.216322210879342,7.216322210879342,7.216322210879342,7.216322210879342,7.216322210879342,7.216322210879342,7.216322210879342
0,7.216322210879342,7.216322210879342,7.216322210879342,7.216322210879342,7.216322210879342
0,7.216322210879342,7.216322210879342,7.216322210879342,7.216322210879342,7.216322210879342,7.216322210879342,7.216322210879342,7.216322210879342,7.216322210879342,7.216322210879342
1,7.216322210879342,7.216322210879342,7.216322210879342,7.216322210879342,7.216322210879342
