0,-1.5337542397587118,-1.3500903878790895,-0.8106063212394389,-0.14793421825474318,-0.21057519846080033,0.6124986797000813,0.40682207595932757,-0.49924743322240067,0.4140848357901851,0.21921102573839762,0.2269032211439213,0.9510945873362554
0,1.6501121539040664,-1.431207199399122,0.6368604470857933,3.285338270101709,3.2175546850090115,1.160234415557819
0,0.5479521404784301,0.34983352928421607,0.34854440077424104,1.5091975969164213,1.125911600777244,0.8452905981870543
0,-1.6211784278964425,-1.4925431994740201,-1.0417080094787365,0.0010934622080164878,0.57278413913253,0.8555986465171681,0.741185632496913,0.8971069605717757,0.870070231544916,0.47685841811096796,0.4583214117442694,0.6494446046614908
0,0.9230071767823116,-2.5810731660191344,-2.516311860405564,0.9403848503337557,-0.5196273732801746,3.026875597385839,-0.4160168625500602,-0.40987493669551905,-0.43347180642990946,-0.21841657496846503,-0.5851315704115562,-0.5267908167101564
0,-1.5646321064487847,-1.612010886713009,-1.6412864197254136,-1.4468079869240906,-1.0316277042800244,-0.07396603854493351,0.6712325220295632,1.1089022288946948,1.0576825163449943,0.9040804790193941,0.7002944414470615,0.32507195747918033
1,1.329615160611505,-0.1735318125028393,-1.144551971952491,-1.5906790140279687,0.9790203129395761,4.015118639296784
1,-2.1398035230603725,-1.7003196485520482,3.2066436354734766,1.6554577245142355,-0.32831404260822794,-3.0621137062175574
1,-1.183533304388889,-1.4938986075087475,-3.386280019167381,-0.46910079861461956,-1.931817508882492,0.5080134739585015
1,2.0905763445502448,0.4578495508321674,-1.2134357935008986,-2.3459959233083807,-1.3221504737385752,-0.546917709975245,-2.6689784153544305,-3.0557641353351848,-0.8822996056546976,1.6726718681909107,5.035862059171262,4.6823578667890535
1,1.1334413173852038,-0.6896423295086692,0.21017283300152673,-0.5144226207901899,-2.3279542164740685,0.06858655756984001
1,-1.8129485806765029,-0.0128852247005563,0.30489291829345194,0.3892857532896416,-3.019946186351484,-1.1312640515223478
1,1.6844478793540307,-0.0862259568582013,-0.2075563109964616,-2.5341137503078155,-1.8704531152131887,-0.38097462891183476,-3.5540246159583573,-4.313562978868613,-2.457060390654017,-0.3294525483245482,4.590380757624066,4.963752038897668
