0,0.23094925867264915,0.09189962359374482,0.03705085969199673,0.7766881060767437,0.8522877030438902,1.7777303823935862,2.0611807551723205,2.2982574464951755
0,3.3786859233848427,-0.9088540608921514,1.0145325616667547,1.3788425000325248,1.072932549123169,1.1693229036828072,1.0518829404788004,0.9630650498062933
0,4.429396221227438,1.8647680610106283,1.396861680275233,-0.11844039059963452
0,-1.6997768917624745,1.1958790748056631,3.810703763528704,-0.8752299259850569
0,1.079547628847327,-0.7609639524522978,2.184345747382923,1.3779464755295938,1.686200483631523,0.43174961444577653,2.9078825804286925,0.38853495185840914
0,0.6277591515373577,0.251391488200991,1.1569285735245596,0.5949211002329255,3.8237498421585427,0.6624143903450099,0.793112343704948,1.6427090618355058
0,-0.6014203999661958,-1.354964836495847,-1.0971005377825498,-0.3446473496548741
0,0.04763606190863445,-0.9238567795364228,-1.4200456297800748,0.5423090587624102,0.432175031761291,1.3759585032246995,3.008731659397461,1.5494413058574388
0,2.176401158534717,2.293606912278328,-0.7216862163511222,1.142216504751568,1.6077334484207604,1.001203945091529,1.3323874834834366,-0.2414424599502314
0,1.370765059860275,1.3593346758676594,1.9522301662472323,-1.600472708320043,0.9597883820432803,1.7838934965647755,2.852780937430142,0.5687068339731245
0,5.15396353982587,1.4856412498831046,-0.9088906215225905,2.653019371444804,0.20241800150360367,-1.0792021776912826,0.4758815391485214,3.2134975753146215
0,1.064482842382012,-0.924513979143553,2.662946914462907,3.955424239432495,2.4024633591607163,1.701437611401786,3.0838270440411675,-2.697083462226099
0,1.6363030135985785,0.6750771156313884,0.8616256443755012,-1.7245004071599581,2.184796602853087,4.13169592309156,0.7614613151528595,-1.4344606364467665
0,-2.097697480665428,3.9378512803784784,0.9010962375066748,1.2322437404714857
0,4.762870396858903,2.443955648535905,2.0051227630944757,1.8464333393813603,0.9387940295286981,-1.3405674630054856,1.7672108251916954,-2.1898733718441723
0,-0.31992599552494827,-0.8686073379160768,-1.3762208579109174,-1.3404943250084802,-0.05508202284047914,-1.44322539980736,2.4097604977471896,0.5963545595875195
0,2.2009458197211327,2.004470383614899,0.8680957878889818,1.927101283651265,0.10464075908759207,0.7352010786125188,3.70219902381784,-1.193448042376092
0,-1.4159696243558764,0.7565792805013583,-0.1993646498646997,4.13228956607735,0.027759143066641068,1.4892875799416483,0.36021552165313964,0.5376223011910242
0,-2.3798416196513448,0.5621508736277212,3.0552561075383933,1.3884710601255414,4.012249728608301,-0.7440459396505914,1.3426751094829048,0.35641162622821465
0,0.6054945443271257,-0.07924229413285921,3.398228945499261,1.11071570374171,-1.663626139638084,0.7608861447555975,1.4636213974728314,2.0356023089489406
0,1.2102389460047938,1.608559043430937,0.5687661652418978,2.5303391022378703,3.7474491620165167,-2.264988001567823,-1.0239879681713617,-0.9770621508400175
0,-1.8124072602006676,-0.8666597984033604,0.5679136080164007,0.6087942112287557,4.716914440967038,2.477511332159232,-0.7390593250143753,-0.07069709363379095
0,0.1511097918054527,-0.20084547691786936,-1.8306830918516797,1.440383921169209,-1.1488313960928886,1.8064554180558274,2.4113630678815507,4.235396539959375
0,1.671192335459938,1.5920411279856626,0.7054462287827366,0.17300408431695835,-2.9554289307238437,3.861845343636347,0.4110513552947218,-1.8372131021982563
0,4.424975145587107,3.30391286065957,1.0811043933345708,0.5128791299711446,0.2591668392543969,-2.667476176448624,0.19361567917332279,-0.012156891380724177
0,2.60020852638047,-1.3635878810588484,-1.3145590802458593,-0.5041891206281874
0,-1.0570539635902394,2.3583460938613365,-2.1769342794073907,-0.8936747074606461,2.3938989214259574,-0.024863958125413532,5.058536094241921,-2.577101684713414
0,1.6520896075089921,1.1700890894575435,4.9962060232413545,0.1634293645356204,-0.553663119099169,0.35552258891834077,-2.180108961730929,-1.7019597942864744
1,3.615207933559783,0.9314199439478428,-1.266032814816183,2.822786905756553
1,4.070502706427028,3.1778366131025786,1.3775736813840211,0.036271188074717964,2.338067935799237,2.440801939490756,3.397243541816089,3.106580106362808
1,-0.4257436706372837,3.6847791163794685,1.2752302184047615,2.3978175889747635
