0,-0.71052,-1.18330,-1.37240,-1.59310,-1.46700,-1.37240,-1.08880,0.04597,0.92853,1.08610,1.27530,0.96005,0.61333,0.01445,-0.64748,-0.26923,-0.20619,0.61333,1.36980,1.46440,1.05460,0.58181,0.17205,-0.26923
0,-0.99301,-1.42680,-1.57990,-1.60540,-1.63090,-1.37580,-1.01850,-0.35510,0.71658,1.20140,1.12480,1.04830,0.79313,0.46142,0.48694,0.56348,0.61452,0.30832,0.25729,1.09930,1.04830,0.69107,-0.04891,-0.38062
1,1.31910,0.56977,0.19513,-0.08586,-0.17952,-0.27318,-0.08586,-1.39710,-1.11610,-0.74149,0.00781,-0.08586,0.00781,-0.46050,-0.55416,-0.74149,-0.74149,-0.74149,-1.11610,-0.46050,0.47611,2.34930,2.25570,1.60010
1,-0.81244,-1.15760,-1.41640,-1.53140,-1.50270,-1.41640,-1.64650,-0.46734,0.65427,1.05690,1.34450,1.20070,0.99938,0.65427,0.74055,0.88434,0.88434,0.68303,0.62551,0.42420,-0.00719,-0.03595,0.10785,-0.26602
0,-0.97284,-1.39050,-1.53670,-1.62020,-1.62020,-1.45320,-0.99372,0.05047,0.63522,1.03200,0.80229,0.82317,0.65610,0.38461,0.32196,0.48903,0.61433,1.30350,1.24090,1.07380,0.55168,0.42638,-0.17925,-0.63870
0,0.36742,-0.27781,-0.76173,-0.86927,-1.13810,-1.08430,-1.13810,-0.60042,-1.08430,-0.27781,0.36742,0.47496,0.52873,0.09858,-0.27781,-0.38535,-0.60042,-0.54665,-0.49289,0.36742,2.30310,2.08800,1.76540,1.17400
1,0.08721,-0.57646,-1.08700,-1.39330,-1.39330,-1.29120,-1.75060,-0.72961,0.34247,1.72090,1.82300,1.77190,1.15930,0.80193,0.18932,-0.01489,-0.06594,-0.06594,-0.01489,0.08721,-0.32120,-0.21910,0.75088,0.18932
0,-1.09910,-1.37560,-1.52300,-1.55990,-1.59680,-1.43090,-1.13590,-0.23272,0.65207,0.94700,1.00230,0.91013,0.79953,0.43087,0.55990,0.63363,0.83640,0.78110,1.20510,0.98386,0.59677,0.30184,-0.12212,-0.56451
0,-1.14990,-1.54920,-1.48930,-1.56920,-1.56920,-1.44940,-1.09000,0.08820,0.34779,1.06670,1.10660,1.04670,0.64732,0.50754,0.60738,0.62735,0.68726,0.72720,1.06670,0.96682,0.58742,0.36776,-0.07155,-0.51087
1,-0.75624,-1.18840,-1.31550,-1.44260,-1.44260,-1.29010,-1.54430,-0.88334,0.41307,1.20110,1.27730,1.25190,0.99773,0.84521,0.89605,0.97231,1.02310,0.71811,0.31139,0.48933,-0.14616,-0.19700,0.05720,-0.24784
1,-0.50952,-1.23960,-1.23960,-1.60460,-1.60460,-1.14830,-0.78329,-1.23960,-0.14449,0.95059,1.31560,1.49810,1.22440,0.85933,0.49431,0.76808,0.49431,0.49431,0.12928,-0.32700,-0.69203,1.04180,0.85933,0.40305
0,-1.00480,-1.38160,-1.55750,-1.60770,-1.65790,-1.43190,-1.08020,0.22608,0.92946,1.18070,1.10530,0.87922,0.72849,0.52753,0.55265,0.65313,0.57777,0.27632,0.22608,1.20580,0.77873,0.52753,0.02512,-0.67825
0,-0.97487,-1.28240,-1.54900,-1.61050,-1.63100,-1.48750,-1.01590,-0.13414,0.68608,1.03470,1.01420,0.89113,0.52204,0.44001,0.39900,0.41951,0.54254,1.30120,1.21920,0.91164,0.58355,0.52204,-0.19566,-0.60577
1,-0.87492,-1.26530,-1.48840,-1.68360,-1.68360,-1.51630,-1.26530,-0.31720,0.51937,1.13290,1.18860,1.18860,0.88189,0.57514,0.60303,0.63092,0.88189,0.49149,0.26840,0.35206,0.88189,0.63092,0.15686,-0.28931
0,-0.96432,-1.43330,-1.52710,-1.62090,-1.66780,-1.43330,-0.96432,-0.23742,0.65363,1.14600,1.14600,1.00540,0.77087,0.37225,0.37225,0.55984,0.53639,0.39569,0.46604,1.40400,0.88812,0.55984,0.06742,-0.49535
1,0.83967,-0.36945,-0.42703,-0.83007,-0.94523,-0.88765,-1.80890,-1.52100,-1.11800,-0.42703,0.37905,0.66694,0.83967,0.14874,-0.08157,-0.31188,-0.54219,-0.25430,-0.02399,0.37905,0.95483,2.16400,1.70330,1.47300
0,-0.58552,-0.81972,-1.18780,-1.45540,-1.79000,-1.38850,-1.05390,-0.41823,-0.45168,0.11710,0.51860,0.65243,0.55206,0.21748,-0.11710,-0.48514,0.01673,1.15430,1.42200,1.62270,1.52230,1.32160,0.68589,-0.05019
0,-0.25806,-0.73144,-1.12590,-1.36260,-1.48100,-1.44150,-1.08650,-0.77088,-0.81033,0.01808,0.33367,0.64925,0.68870,-0.10026,-0.21861,-0.29751,-0.25806,0.88594,1.51710,1.71440,1.63550,1.35930,0.84649,0.29422
1,-0.86958,-1.22610,-1.41810,-1.52780,-1.52780,-1.47290,-1.55520,-0.65019,0.50164,1.18730,1.21470,1.29690,1.02270,0.69361,0.69361,0.80331,0.80331,0.66619,0.39194,0.33709,0.09027,0.11770,0.44679,-0.01943
0,-1.07070,-1.31400,-1.48240,-1.55730,-1.55730,-1.48240,-1.05200,-0.17234,0.46399,0.96930,0.93187,0.91316,0.68857,0.63243,0.48270,0.52013,0.65114,1.28750,1.08160,1.06290,0.66986,0.31426,-0.26592,-0.71509
0,-1.04200,-1.34880,-1.52140,-1.61730,-1.63650,-1.21460,-1.09950,-0.25570,0.77988,1.14420,1.16340,0.97165,0.85659,0.49222,0.45386,0.53057,0.70317,0.68399,1.10590,1.01000,0.51139,0.24291,-0.21734,-0.69677
1,-0.81287,-1.17270,-1.50690,-1.55830,-1.60970,-1.37830,-1.12130,-0.63294,0.62652,1.32050,1.39760,1.39760,1.16630,0.75504,0.65222,0.70363,0.67793,0.42089,0.29238,0.08675,0.00964,0.52371,0.18956,-0.42732
0,-1.09450,-1.36140,-1.60610,-1.65050,-1.65050,-1.47260,-1.11670,0.26227,0.84056,1.12970,1.10750,1.01850,0.77384,0.37348,0.37348,0.59590,0.55142,0.35124,0.50693,1.17420,0.75160,0.46245,0.01761,-0.33826
0,-0.83894,-1.15110,-1.46330,-1.58810,-1.71300,-1.43210,-1.02620,-0.43313,0.22242,0.44093,0.97161,1.03400,0.81553,0.44093,0.09755,0.09755,0.12877,1.03400,1.37740,1.47110,1.09650,0.69066,0.06634,-0.33948
0,-0.96551,-1.34500,-1.55840,-1.65330,-1.62960,-1.46360,-1.06040,0.07807,0.62358,1.26400,1.19280,0.95562,0.78960,0.36268,0.41012,0.33896,0.50499,0.33896,0.52871,1.43000,0.81332,0.50499,-0.01680,-0.44372
0,-0.40498,-1.00990,-1.33260,-1.45350,-1.49390,-1.29220,-0.84860,-0.52597,0.80491,1.40990,1.40990,1.20820,0.76458,0.11931,-0.32432,-0.24366,-0.16300,-0.44531,-0.16300,1.73250,1.40990,0.92590,0.15964,-0.24366
0,-0.92025,-1.38250,-1.53660,-1.61360,-1.63930,-1.43390,-0.99729,-0.30390,0.67199,1.13430,1.21130,1.21130,0.77472,0.36382,0.38950,0.33814,0.46654,0.38950,0.38950,1.39110,0.90313,0.62063,-0.09845,-0.32958
1,-0.64847,-1.09470,-1.37360,-1.48520,-1.65250,-1.42940,-0.81581,-0.87159,0.13248,1.08080,1.35970,1.35970,1.30390,0.85765,0.80187,0.91343,1.08080,0.57874,0.35561,-0.03486,-0.70425,0.18826,0.29983,-0.20221
1,-0.97386,-1.29510,-1.56290,-1.64320,-1.50930,-1.50930,-1.08100,-0.38486,0.47187,1.38220,1.32860,1.27510,0.90024,0.65928,0.71283,0.71283,0.63251,0.36478,0.28446,0.12382,0.31123,0.84669,0.23092,-0.27777
0,-0.88822,-1.36080,-1.58470,-1.60960,-1.58470,-1.46030,-0.98772,-0.51510,0.50474,1.10170,1.17630,1.02710,0.67886,0.33062,0.45499,0.45499,0.57936,0.43012,0.45499,1.45000,0.95248,0.75348,0.05700,-0.41561
0,-1.04340,-1.34830,-1.50080,-1.57700,-1.63420,-1.46270,-1.08150,-0.28110,0.84330,0.97671,0.97671,0.86236,0.70990,0.38592,0.53838,0.51932,0.74802,1.01480,1.16730,1.03390,0.51932,0.30969,-0.10958,-0.56697
1,0.33926,-0.32542,-0.71315,-0.93471,-1.10090,-1.10090,-0.87932,-0.54698,-0.99010,-0.32542,0.28387,0.61621,0.50543,0.11770,-0.38081,-0.54698,-0.71315,-0.71315,-0.38081,0.45004,2.38870,2.05640,1.72400,1.17010
1,-0.75213,-1.06930,-1.36000,-1.49210,-1.51860,-1.38640,-1.49210,-0.59355,0.41075,1.15080,1.30930,1.28290,1.07150,0.86005,0.93933,0.91290,0.99219,0.72790,0.46361,0.27861,-0.17069,-0.19712,-0.11783,-0.24997
0,-0.35731,-0.85205,-1.30560,-1.47050,-1.51170,-1.47050,-1.01700,-0.72836,-0.43977,0.01374,0.67339,0.75585,0.75585,0.17866,-0.39854,-0.27485,-0.02749,1.08570,1.53920,1.66290,1.53920,1.08570,0.59094,-0.02749
1,0.06539,-0.52988,-1.12510,-1.39570,-1.44980,-1.28750,-1.99100,-0.74634,0.55243,1.47240,1.85120,1.74300,1.25590,0.49831,-0.09696,0.17362,0.11950,0.06539,0.06539,0.28185,0.01127,-0.09696,0.55243,0.01127
1,-0.89604,-1.23130,-1.41170,-1.48910,-1.48910,-1.43750,-1.48910,-0.74133,0.47058,1.21840,1.19260,1.14100,1.11520,0.75422,0.72844,0.85736,0.83158,0.96050,0.29009,0.36744,0.00645,0.05802,0.26430,-0.07091
0,-1.11490,-1.33840,-1.52130,-1.60250,-1.60250,-1.50100,-1.03370,-0.07873,0.49016,0.73397,0.69334,0.93715,0.97778,0.55111,0.55111,0.73397,0.81524,1.09970,1.03870,1.07940,0.61207,0.24635,-0.16000,-0.60699
1,0.20810,-0.56485,-1.04050,-1.27830,-1.33780,-1.10000,-1.81350,-0.74322,0.32702,1.69450,2.22970,1.81350,1.04050,0.20810,-0.02973,0.02973,0.02973,0.02973,-0.14864,0.02973,-0.20810,-0.26756,0.74322,0.14864
0,-1.14550,-1.38880,-1.60770,-1.63210,-1.58340,-1.34010,-0.90220,-0.48861,0.53321,1.16580,1.09280,0.97113,0.70351,0.46022,0.38724,0.58187,0.55754,0.38724,0.31425,1.33610,1.11710,0.70351,0.07096,-0.29398
1,-0.88008,-1.25830,-1.46200,-1.54920,-1.60740,-1.52010,-1.02560,-0.79280,0.34185,0.77826,1.24380,1.24380,1.15650,0.66188,0.72007,0.80735,1.06920,0.86554,0.48732,0.42913,0.22548,0.51641,-0.09456,-0.35640
0,-0.41137,-0.67348,-1.11030,-1.24140,-1.41610,-1.32880,-0.84823,-0.58611,-0.80454,0.06917,0.68077,0.76814,0.63708,0.06917,-0.36769,-0.49874,-0.36769,-0.01820,1.77290,2.03500,1.55450,1.42340,0.63708,0.02548
0,-0.98674,-1.38440,-1.50370,-1.58330,-1.62300,-1.34460,-0.98674,-0.09196,0.92211,1.12100,1.12100,1.00160,0.80281,0.32560,0.34548,0.38525,0.52444,0.74316,1.22040,1.14080,0.54432,0.26595,-0.27092,-0.68848
1,-0.88996,-1.26770,-1.44210,-1.52930,-1.52930,-1.47120,-1.18060,-0.71560,0.24338,1.05710,1.26050,1.31860,1.08610,0.73740,0.82458,0.88270,0.96988,0.62116,0.44680,0.18526,0.09808,0.59210,0.09808,-0.39594
1,-0.02695,-0.62760,-1.18210,-1.59790,-1.45930,-1.22830,-1.78270,-1.22830,0.34268,1.35920,1.68260,1.54400,0.89713,0.43509,0.06546,0.15786,-0.02695,0.15786,-0.02695,0.11166,0.15786,1.08190,0.89713,0.29648
0,-1.06440,-1.32380,-1.56150,-1.60470,-1.58310,-1.43180,-0.91312,-0.07024,0.64297,0.90232,0.90232,0.85909,0.66458,0.36201,0.36201,0.51329,0.59974,0.64297,1.35620,1.37780,0.83748,0.36201,-0.04863,-0.78345
1,-0.78046,-1.13590,-1.38200,-1.46410,-1.46410,-1.38200,-1.49140,-0.67108,0.23129,1.24300,1.46180,1.40710,1.29770,0.69615,0.69615,0.83287,0.86021,0.45005,0.36801,0.25863,-0.01481,0.03988,0.20394,-0.26091
1,0.32220,-0.08479,-0.54992,-0.84062,-0.95691,-1.01500,-0.72434,-1.48020,-1.13130,-0.37549,0.26406,0.49662,0.49662,0.14778,-0.25921,-0.25921,-0.66620,-0.43364,-0.49178,0.20592,2.18270,2.24090,1.71760,1.19430
1,-0.76022,-1.23620,-1.39480,-1.57990,-1.68570,-1.39480,-1.47420,-0.60157,0.58835,1.11720,1.30230,1.24940,0.93210,0.72056,0.74700,0.82633,0.85277,0.61479,0.50902,0.40325,0.19171,0.08594,0.19171,-0.20493
1,0.50632,-0.34943,-0.86289,-1.26220,-1.37630,-1.20520,-0.86289,-1.60450,-0.97699,-0.06418,0.73452,0.79157,0.79157,0.16402,-0.34943,-0.23533,-0.23533,-0.29238,-0.06418,1.01980,1.01980,2.33190,1.47620,0.90567
0,-0.46880,-0.89854,-1.36730,-1.44550,-1.48450,-1.25010,-0.74227,-0.50787,0.50787,1.44550,1.48450,1.21110,0.82040,0.19533,-0.31253,-0.31253,-0.42973,-0.42973,-0.11720,1.71890,1.48450,0.93760,0.19533,-0.23440
0,-1.06680,-1.38880,-1.54980,-1.64180,-1.61880,-1.43480,-0.97474,-0.35367,0.63545,1.23350,1.04950,0.79647,0.58945,0.38242,0.47443,0.54344,0.54344,0.35942,0.45143,1.41750,1.02650,0.77347,0.08339,-0.33067
1,-0.19934,-0.70591,-1.21250,-1.55020,-1.55020,-1.49390,-1.09990,-0.93106,-0.25563,1.15150,1.71440,1.48920,1.15150,1.09520,0.08208,-0.19934,-0.03049,-0.03049,-0.08677,0.02580,0.47608,1.48920,0.53237,0.13837
1,-0.98161,-1.34220,-1.53450,-1.65470,-1.60660,-1.43840,-0.98161,-0.45274,0.74923,1.30210,1.37430,1.23000,0.98963,0.77327,0.65307,0.41268,0.67711,0.48480,0.24440,0.19632,0.14824,0.74923,0.24440,-0.23639
1,0.29828,-0.51807,-1.08320,-1.33440,-1.27160,-1.20880,-1.96240,-0.76926,0.48667,1.61700,1.99380,1.67980,1.24020,0.54947,-0.20409,-0.01570,0.10989,-0.07850,-0.01570,-0.01570,-0.01570,-0.26689,0.73786,0.04710
0,-0.45950,-0.93110,-1.43900,-1.51150,-1.62040,-1.40270,-0.89482,0.01209,0.48369,1.31800,1.35430,1.10040,0.51996,0.19348,-0.31440,-0.20557,-0.31440,-0.24184,0.30230,1.68080,1.68080,0.84645,0.12092,-0.27812
1,-0.95324,-1.62120,-1.37070,-1.45420,-1.45420,-1.56550,-1.14810,-0.25744,0.66100,1.18980,1.21760,1.24550,0.99499,0.60534,0.66100,0.71667,0.91149,0.52185,0.46618,0.27136,0.74450,0.29919,-0.17395,-0.50793
1,-0.82904,-1.19440,-1.50350,-1.64400,-1.58780,-1.47540,-1.44730,-0.21077,0.68852,1.27870,1.25060,1.25060,0.99766,0.66042,0.63232,0.85714,0.77283,0.60422,0.29508,0.15457,0.12646,0.21077,0.32318,-0.21077
0,-1.11900,-1.40210,-1.54370,-1.60430,-1.54370,-1.38190,-1.05830,-0.20897,0.45838,0.96394,1.00440,0.66060,0.72127,0.55949,0.59994,0.88305,0.80216,1.06510,1.10550,1.00440,0.57971,0.27637,-0.24941,-0.57297
0,-0.05262,-0.57520,-1.09780,-1.35910,-1.44620,-1.40260,-0.96713,-0.61875,-0.83649,-0.13972,0.55705,0.60060,0.55705,0.12157,-0.35746,-0.31391,-0.53165,-0.05262,1.47160,1.55870,1.90700,1.55870,1.12320,0.29576
1,1.20900,0.57029,-0.25093,-0.34217,-0.70715,-0.61591,-0.34217,-1.34590,-0.98089,-0.43342,0.11406,0.38779,0.29655,-0.15968,-0.43342,-0.70715,-0.52466,-0.88965,-0.70715,-0.43342,-0.25093,2.21270,2.21270,2.12150
1,-0.81595,-1.08060,-1.34520,-1.43340,-1.52160,-1.43340,-1.52160,-0.66894,0.15437,1.18350,1.33050,1.30110,1.24230,0.80125,0.80125,0.86006,0.91887,0.65423,0.47781,0.36020,-0.13967,-0.16907,0.15437,-0.11026
0,-1.23860,-1.33350,-1.50450,-1.56150,-1.54250,-1.48550,-1.01060,-0.13692,0.60385,1.00270,1.00270,0.90776,0.75580,0.52788,0.50888,0.64184,0.71782,1.09770,1.13570,0.92675,0.52788,0.29995,-0.26987,-0.57378
0,-1.03790,-1.30170,-1.46950,-1.58940,-1.61330,-1.51740,-1.06190,-0.00699,1.21570,1.14380,1.11980,1.09590,0.97599,0.35264,0.42456,0.44854,0.44854,0.30469,0.44854,1.21570,0.66431,0.35264,-0.10289,-0.51047
1,-0.37358,-0.98663,-1.44640,-1.67630,-1.75290,-1.36980,-0.91000,-0.98663,-0.22032,0.85253,1.00580,1.31230,1.23570,0.77590,0.46937,0.77590,0.92916,0.39274,0.16284,0.00958,-0.37358,1.31230,0.92916,-0.06705
0,-1.15920,-1.30140,-1.52490,-1.56560,-1.60620,-1.44360,-1.07790,0.01947,0.73071,1.17780,1.17780,1.09650,1.03550,0.79168,0.71039,0.48686,0.44622,0.48686,0.26333,0.89328,0.66975,0.46654,-0.12277,-0.65112
1,-0.69492,-1.23580,-1.41610,-1.50630,-1.50630,-1.50630,-1.05550,-1.01050,-0.06386,1.10810,1.37860,1.33350,1.10810,0.74751,0.61228,1.06300,0.92781,0.61228,0.25167,0.16152,0.02629,0.65736,0.20660,-0.19908
1,0.98403,0.16966,-0.51942,-0.83264,-0.89529,-0.70736,-0.70736,-1.77230,-0.89529,0.48288,0.67081,0.73346,0.73346,0.42024,-0.51942,-0.64471,-0.70736,-0.77000,-0.70736,-0.26885,0.23230,2.42480,1.92370,1.17200
