1,3.56,3.17,2.59,2.57,2.55,2.23,2.29,2.245,2.2,1.45,1.615,1.78,1.74,1.6400000000000001,1.54,1.39,1.51,3.17,4.83,3327.2339999999995
0,0.66,0.83,0.83,0.9099999999999999,0.99,0.83,0.83,0.87,0.91,0.83,0.83,0.83,0.83,0.74,0.7849999999999999,0.7849999999999999,0.83,0.87,0.91,0.74
0,2.3033333333333332,2.24,2.02,2.13,2.21,2.29,2.23,2.3200000000000003,2.29,2.14,2.32,2.37,2.28,2.0,2.318,2.745,2.995,2.745,2.68,2.7800000000000002
0,2.4,2.0,2.4050000000000002,2.81,2.05,2.12,2.3200000000000003,2.52,2.08,2.18,2.215,2.25,2.59,2.425,2.26,1.93,2.1149999999999998,2.3,2.04,2.22
1,7.53,6.31,6.6,5.55,4.51,4.62,4.34,3.74,3.83,3.59,3.24,3.12,3.31,2.9,2.86,2.8,2.88,2.61,2.265,2.085
0,35.074999999999996,4.88,3.9,2.98,3.12,3.01,2.97,2.85,2.765,2.68,2.37,2.01,2.245,2.48,2.4,2.52,2.64,2.45,2.4366666666666665,2.4233333333333333
0,2.09,2.09,2.26,1.94,1.62,1.86,1.94,1.8599999999999999,1.78,1.88,1.98,1.98,1.89,1.83,2.0,1.88,1.8599999999999999,1.84,2.16,1.76
0,2.04,1.72,1.99,1.815,1.64,1.43,1.54,1.65,1.4,1.45,1.57,1.31,1.45,1.305,1.16,1.16,1.2,1.1949999999999998,1.19,1.25
0,1.17,1.19,1.19,1.21,1.12,1.01,1.08,1.1800000000000002,1.15,1.14,1.1349999999999998,1.13,1.27,1.25,1.1775,1.105,1.0825,1.06,1.25,0.99
1,1.44,1.44,1.44,1.44,1.42,1.49,1.37,1.59,1.5899999999999999,2.02,1.75,2.16,2.44,2.74,3.78,4.736666666666667,10.33,8.42,14.459999999999999,188.0675
0,1.68,1.68,1.68,1.83,1.5666666666666667,1.665,1.6724999999999999,1.68,1.85,1.69,5.86,5.255,4.6499999999999995,4.82,4.99,4.98,4.76,5.14,5.26,5.205
1,2.35,2.09,2.61,2.49,2.36,2.36,2.07,2.23,1.79,1.77,1.76,1.895,2.03,1.88,1.9749999999999999,2.07,1.87,2.0,2.02,1.9649999999999999
1,4.345,4.345,4.345,4.345,4.345,6.45,7.93,6.706666666666666,7.28,6.069999999999999,5.27,4.28,3.723333333333333,2.861666666666667,3.9375,3.1514285714285717,2.532,4.125,4.913333333333333,2.508
0,1.3866666666666667,1.3866666666666667,1.3933333333333333,1.4,1.29,1.33,1.26,1.46,1.15,1.26,1.5,1.425,1.35,1.2225000000000001,1.095,1.05,0.95,1.29,1.1225,0.9550000000000001
0,0.99,1.105,1.105,1.22,1.64,1.35,1.22,1.02,1.13,1.24,1.4,1.4849999999999999,1.57,1.48,1.2,1.2833333333333332,1.3716666666666666,1.46,1.36,1.58
0,1.37,1.37,1.3833333333333335,1.34,1.12,1.07,1.02,1.06,1.0350000000000001,1.01,1.1,1.01,0.92,1.03,0.91,1.03,0.9266666666666666,0.91,1.13,0.99
1,4.36,2.4,2.245,2.09,1.77,1.845,1.92,2.05,1.81,1.57,1.35,1.4700000000000002,1.59,1.4,1.415,1.43,1.28,1.25,1.55,4.553333333333334
0,4.23,3.865,3.5,3.165,2.83,2.668333333333333,2.668333333333333,2.5066666666666664,2.23,2.96,2.6166666666666667,2.3,2.535,2.32,1.98,2.2275,2.33,2.53,2.41,2.435
1,2.65,2.65,2.55,2.85,2.36,1.68,2.64,1.98,2.15,2.06,1.9700000000000002,1.78,1.5899999999999999,1.32,1.3533333333333335,1.3866666666666667,1.55,0.9133333333333334,1.25,1.843333333333333
1,2.865,2.81,2.48,2.56,3.22,2.23,2.15,2.07,2.07,2.07,2.1766666666666663,1.9,2.3049999999999997,2.2525,2.2,2.04,2.1,1.9,2.15,1.9
0,3.71,3.71,3.71,2.21,2.07,1.98,1.98,1.74,1.655,1.57,1.65,1.5787499999999999,1.5075,1.4,1.16,1.272,1.4,1.405,1.4,1.4
0,1.55,1.5425,1.5350000000000001,1.2349999999999999,1.1974999999999998,1.16,1.4766666666666666,1.305,1.2525,1.56,1.3333333333333333,1.33,1.3466666666666665,1.22,1.2533333333333332,1.28,1.29,1.21,1.19,1.38
1,4.05,3.49,2.93,2.51,2.525,2.54,2.12,1.93,2.01,2.04,1.6949999999999998,1.82,1.51,2.03,2.425,2.98,3.2,8.156666666666666,17.225,25.787499999999998
1,7.88,6.19,5.62,5.755,5.89,4.76,4.484999999999999,4.21,4.18,4.475,4.77,2.93,2.75,2.57,2.825,3.08,4.17,3.81,33.95,301.055
0,1.4,0.99,1.24,0.91,0.83,1.49,1.24,1.07,1.57,1.375,1.18,1.24,1.07,0.99,0.99,1.24,0.75,0.9,1.05,1.07
1,2.4299999999999997,2.53,2.29,2.0900000000000003,2.236666666666667,1.9325,2.17,2.2975,1.9849999999999999,2.48,2.23,1.98,1.9266666666666667,1.9566666666666663,1.9649999999999999,2.0875,2.15,1.8599999999999999,2.19,1.716
1,7.345000000000001,7.4675,7.59,6.045,4.5,4.1,3.8499999999999996,3.6,3.94,3.53,3.6079999999999997,3.4,2.9599999999999995,3.51,3.2675,2.972,3.084,2.966666666666667,2.54,2.066
0,1.9,1.74,1.8199999999999998,1.9,1.57,1.6099999999999999,1.65,1.9,1.65,1.815,1.98,1.82,1.82,1.82,1.82,1.74,1.6400000000000001,1.54,1.66,1.6
0,3.46,2.39,1.98,1.7266666666666666,1.5533333333333332,1.38,1.55,1.42,1.29,1.38,1.4049999999999998,1.4049999999999998,1.43,1.4,1.3699999999999999,1.28,1.84,1.74,1.69,1.63
1,66.46,38.11,31.75,32.735,32.735,33.72,34.3,34.88,30.58,29.34,28.1,33.06,20.66,9.92,21.490000000000002,33.06,9.92,5.37,3.31,3.97
1,9.34,9.34,9.34,9.34,8.26,7.046666666666667,5.8,5.199999999999999,4.95,4.78,4.86,4.94,6.7,6.765000000000001,6.83,6.67,12.07,21.79,55.09,99.19142857142857
1,2.4,3.06,2.685,2.31,2.15,1.74,1.65,1.7349999999999999,1.7349999999999999,1.82,1.655,1.49,1.82,1.4,1.49,1.57,1.4033333333333333,1.3616666666666666,1.3199999999999998,1.256
1,3.39,3.39,3.37,3.04,2.74,3.22,2.94,3.26,2.9,2.7,2.02,2.31,2.25,2.04,2.01,1.98,1.82,1.82,1.82,1.5357142857142858
1,1.37,1.37,1.37,1.37,1.37,1.455,1.54,1.57,1.24,1.4,1.65,1.7599999999999998,2.07,3.72,4.55,2.15,1.9,1.74,1.4,1.65
0,3.27,3.115,2.96,2.68,2.6,2.6,2.635,2.67,2.64,2.93,2.97,3.11,2.4133333333333336,2.5516666666666667,2.69,2.79,2.415,2.04,2.315,3.255
1,2.02,2.32,1.92,2.31,2.31,2.7,3.8,3.6,4.25,4.9,5.6,6.6,10.3,10.9,14.1,20.3,22.55,29.325000000000003,36.1,90.52000000000001
0,3.2,3.2,2.6,2.6,2.6,2.7999999999999994,2.8499999999999996,2.9,3.1,2.7,3.1,2.9000000000000004,2.7,2.39,2.4,1.96,2.37,2.2,2.42,2.45
0,2.15,2.15,1.49,1.32,1.57,1.98,2.48,1.9,1.82,1.9449999999999998,2.07,1.82,2.07,2.07,2.23,2.31,1.98,1.83,1.79,1.99
1,1.53,1.43,1.46,1.1533333333333333,1.12,1.05,1.07,0.81,0.98,0.99,1.07,1.01,1.21,1.1,1.17,1.42,1.17,1.3900000000000001,1.21,1.5
1,3.32,3.62,3.08,3.06,2.27,1.96,1.75,1.77,1.79,1.775,1.76,1.57,1.565,1.56,1.53,1.475,1.42,1.83,1.69,1.8266666666666669
1,7.683333333333334,5.79,4.293333333333333,3.6550000000000002,3.953333333333333,2.956666666666667,3.085,2.92,2.4,2.55,2.0,2.46,2.05,2.18,1.5233333333333334,1.48,1.5,1.6,1.73,1.9060000000000001
1,8.27,5.52,4.13,4.06,3.4,2.39,2.69,2.51,2.9,1.98,2.17,2.36,2.0,2.7,2.6,2.5,3.03,15.97,28.91,346.935
1,4.185,5.21,4.26,4.43,5.03,4.5200000000000005,4.010000000000001,4.26,4.51,5.21,3.67,3.87,2.93,3.68,2.9499999999999997,2.76,2.01,2.36,12.36,14.473333333333334
1,93.32,93.32,93.32,15.184999999999999,5.353999999999999,3.915,3.58,3.4400000000000004,3.15,2.89,1.81,2.49,1.805,2.725,2.6899999999999995,2.8916666666666666,3.0933333333333337,2.355,2.32,2.793333333333333
1,4.7,4.17,3.6,3.255,2.91,2.96,2.9050000000000002,2.85,2.465,2.08,2.06,2.0300000000000002,2.0,1.73,1.88,1.88,1.835,1.79,2.515,1.845
0,1.53,1.44,1.64,1.58,1.52,1.33,1.55,1.39,1.38,1.48,1.6,1.485,1.37,1.67,1.62,1.715,1.81,1.49,1.59,1.53
0,3.3266666666666667,3.0283333333333333,2.73,3.16,3.2750000000000004,3.39,3.12,3.44,2.83,3.26,3.065,2.87,2.84,2.99,3.14,3.11,3.04,2.97,3.38,3.28
1,2.5650000000000004,2.25,1.88,2.06,1.79,1.21,1.59,1.8,1.64,1.59,1.81,1.68,1.93,1.58,1.66,2.03,1.59,1.46,1.42,1.29
1,6.45,6.45,6.45,6.45,6.45,6.45,5.619999999999999,2.21,1.86,1.6,1.4,1.26,1.24,1.12,1.27,1.3,1.17,1.06,1.17,10.314
0,4.63,4.63,4.505,4.38,4.3,4.88,4.38,4.88,5.37,3.8033333333333332,3.8016666666666667,3.8,4.55,4.13,3.6799999999999997,2.89,4.175,3.39,3.72,2.355
0,1.57,1.57,1.57,1.49,2.07,1.49,1.98,1.9,1.74,2.07,1.74,2.15,2.19,2.23,2.15,2.07,1.8849999999999998,1.7,1.64,1.68
0,2.23,2.23,2.23,2.23,1.98,2.23,2.81,2.56,2.64,2.48,2.396,2.3129999999999997,2.23,2.73,2.3966666666666665,2.52,2.13,1.74,2.44,3.26
1,2.82,4.175,5.53,1.575,1.47,1.63,1.2,1.02,1.45,1.36,1.1433333333333333,1.31,1.31,1.37,0.93,1.55,1.49,3.14,1.9533333333333331,1.3466666666666665
0,1.45,1.64,1.66,1.63,1.69,1.59,1.53,1.47,1.48,1.545,1.61,1.56,1.54,1.37,1.385,1.4,1.4,1.46,1.73,1.56
1,40.45333333333334,40.45333333333334,40.45333333333334,40.45333333333334,21.526666666666667,11.025,10.02,8.65,7.66,6.72,6.6,6.66,5.69,6.26,6.18,5.69,6.17,6.68,7.449999999999999,13.07
1,16.86,12.07,10.33,10.0,12.89,12.355,11.82,11.266666666666666,10.83,8.6,10.375,12.15,16.94,18.68,21.74,22.15,20.74,29.75,88.79999999999998,311.155
1,2.95,2.25,2.17,2.31,2.45,2.54,2.341666666666667,2.1433333333333335,2.0,2.09,2.12,2.13,2.2,2.36,2.15,1.94,1.98,1.9949999999999999,2.01,2.135
0,9.34,9.34,9.34,5.62,4.05,3.97,3.47,3.14,2.81,3.22,2.85,2.48,3.14,2.73,2.98,2.48,2.64,2.3,2.2525,2.205
0,5.9,5.9,5.9,5.9,4.55,4.0,3.9,3.9,3.9,4.3,4.2,4.4,4.1,4.2,4.115,4.0025,3.89,4.055,4.1,4.1
1,2.01,2.01,2.01,2.01,2.01,1.72,2.335,1.79,1.63,1.59,1.98,1.66,1.66,1.71,1.86,1.78,1.88,1.93,37.30083333333334,72.67166666666667
0,2.4,2.23,2.3966666666666665,2.2333333333333334,2.07,2.4,2.4,2.4,2.48,2.44,2.4,2.64,2.31,1.98,2.07,2.275,2.48,2.07,1.96,2.12
0,3.39,2.81,2.685,2.56,2.23,2.31,2.15,2.275,2.4,2.73,2.48,2.4,2.315,2.23,2.07,2.275,2.48,2.385,2.29,2.26
0,1.24,1.115,0.99,0.83,0.99,1.24,1.32,1.3599999999999999,1.4,1.24,1.2,1.16,1.4,1.2349999999999999,1.07,1.07,0.85,0.915,0.98,1.16
1,1.48,1.87,1.32,1.775,2.4675,1.8933333333333333,2.07,2.19,2.18,2.0966666666666667,2.013333333333333,2.15,1.9633333333333332,1.9741666666666666,1.9849999999999999,1.88,4.615,4.615,7.35,2.95
0,1.98,1.82,1.74,1.615,1.49,1.49,2.07,1.88,1.69,1.9,1.7933333333333332,1.8466666666666667,1.9,2.07,2.19,2.31,2.09,2.065,2.04,2.28
0,2.31,2.15,2.73,2.4,1.57,1.9,2.025,2.15,2.23,1.82,3.14,2.56,2.48,2.23,2.4,2.315,2.23,1.93,1.71,1.87
1,1.55,1.55,1.55,1.55,1.57,1.17,1.3,1.5,1.74,2.0,2.13,2.26,3.22,3.8,3.88,4.71,7.326666666666667,0.9550000000000001,0.9233333333333333,0.9342857142857143
1,3.8,3.8,3.8,3.8,3.8,3.8,4.58,4.1899999999999995,3.78,4.135,4.06,6.119999999999999,6.36,5.77,6.34,6.33,6.23,5.74,8.58,10.185555555555554
1,15.838,18.94,20.67,18.67,17.245,23.89,21.69,27.33,25.955,24.58,21.041,17.502000000000002,18.12,20.855,27.935,134.3,22.1675,36.93,407.8766666666666,106.61
1,3.02,1.97,2.38,1.94,2.11,2.15,2.355,2.56,2.69,2.83,2.97,2.07,2.335,2.6,2.96,2.85,2.74,1.71,1.7466666666666666,1.7833333333333332
0,2.18,2.2933333333333334,2.4066666666666667,2.62,2.26,1.9,1.98,2.15,2.31,2.19,2.07,2.31,2.07,2.73,2.52,2.31,2.48,3.31,1.98,2.31
0,2.28,2.3,2.13,2.26,2.39,2.15,2.56,3.06,2.81,2.56,2.73,2.605,2.48,2.31,2.81,2.4,2.44,2.48,2.64,2.81
0,3.68,2.925,2.17,2.4,2.28,2.07,2.0,2.03,1.89,2.0549999999999997,2.05,2.39,2.14,1.89,1.88,1.935,1.99,2.08,1.955,1.83
0,2.58,2.65,2.79,2.93,2.91,2.48,1.98,2.19,2.4,2.56,2.4,2.52,2.64,3.39,4.13,4.21,4.79,5.37,5.95,10.83
0,3.39,3.14,2.89,3.39,3.185,2.98,2.15,2.065,1.98,2.73,2.275,1.82,2.15,1.98,2.15,1.98,1.98,2.23,2.35375,2.4775
0,3.21,1.54,2.12,1.64,1.4300000000000002,1.7533333333333332,1.8733333333333333,1.9433333333333334,1.59,1.93,1.3337500000000002,1.76,2.533333333333333,2.25,1.54,1.82,1.92,1.82,1.52,1.33
0,1.9,1.9,1.66,1.33,1.49,1.5699999999999998,1.65,1.57,1.82,1.82,1.82,1.74,1.6949999999999998,1.65,1.32,1.4,1.4,1.4,1.57,1.57
0,2.1550000000000002,2.1550000000000002,2.1550000000000002,1.28,1.3399999999999999,1.3399999999999999,1.4,1.86,1.64,1.19,1.21,1.5,1.31,1.17,1.1,1.32,1.48,1.5125,1.545,1.3
0,3.39,3.45,3.51,2.09,1.96,1.83,1.63,1.47,1.48,1.83,1.19,1.3733333333333333,1.5566666666666666,1.25,1.45,1.63,1.78,1.56,1.39,1.2349999999999999
0,3.0,2.8,3.14,2.815,3.55,2.82,3.0275,3.235,2.89,2.93,2.97,2.68,3.29,2.96,2.82,3.22,3.68,4.9725,6.265000000000001,3.825
1,3.78,3.8366666666666673,2.86,2.89,3.6,3.5766666666666667,2.74,2.59,2.77,2.8449999999999998,2.92,2.94,3.73,5.07,8.04,24.215,40.39,91.77000000000001,140.93,479.3
0,2.12,0.92,1.45,1.56,1.67,1.7149999999999999,1.76,1.76,1.77,1.8,1.83,2.12,1.9,1.5,1.28,1.83,2.42,1.51,1.88,2.25
1,1.67,1.99,1.84,1.7650000000000001,1.69,1.84,1.7000000000000002,1.56,1.18,1.2149999999999999,1.25,1.4,1.415,1.43,1.4,1.31,1.37,1.43,1.83,2.686666666666667
0,2.64,2.64,1.6533333333333333,2.355,2.435,2.085,1.7349999999999999,1.74,1.9449999999999998,2.25,2.872,3.32,3.14,2.88,3.12,2.98,3.0,2.87,2.85,2.8
0,1.39,1.7,1.29,1.21,1.37,1.53,1.49,1.49,1.49,1.57,1.57,1.57,1.65,1.57,1.365,1.16,1.32,1.4,1.49,1.24
1,2.39,2.75,2.85,2.63,2.8899999999999997,1.99,2.2,2.3,2.2,2.35,2.5,2.0,2.05,2.1,2.6,2.5,2.4,2.5,2.4,2.3
0,2.52,2.17,2.09,1.905,1.64,2.035,2.26,2.09,2.34,2.37,1.895,1.92,1.845,1.77,2.09,1.46,1.6,1.55,1.72,1.41
0,2.0,2.0,2.0,2.0,1.9,1.9,2.3,2.15,2.0,1.9,2.1,1.8,1.6,1.73,1.955,2.18,1.59,2.25,1.68,2.35
1,11.92,5.72,4.38,3.66,3.87,2.74,3.085,2.766666666666667,2.9,2.7,2.8,2.783333333333333,2.766666666666667,2.8,2.8,2.7,3.2,4.1,5.0,24.53333333333333
0,2.2,2.2,2.2,2.2,2.1,2.0,2.0,2.55,2.9,2.9,2.6,2.45,2.3,2.1,1.9700000000000002,1.84,1.92,2.0,2.06,2.12
0,2.94,39.395,39.395,39.395,39.395,75.85000000000001,20.52,5.19,5.86,4.5,4.65,4.8,3.45,3.69,2.9866666666666664,3.57,2.54,2.24,2.36,187.12
0,17.96666666666667,21.000000000000004,10.4,6.6,5.9,4.8,4.55,4.3,3.4,3.4,3.3499999999999996,3.3,3.0,3.1950000000000003,3.39,3.41,3.76,3.735,3.71,3.7
1,1.94,1.9,2.2,1.9500000000000002,1.7,1.9,2.1,2.0,1.9,2.4,2.1,2.6,1.65,2.3,2.25,2.2,2.18,2.16,1.99,2.0675
1,2.28,2.28,2.28,2.28,2.28,2.28,1.74,1.37,1.2333333333333332,1.68,1.625,1.58,1.45,1.69,1.43,1.45,1.3,1.42,1.66,1.94
1,6.61,6.61,6.61,6.61,4.13,4.96,4.96,4.515000000000001,4.07,4.43,6.53,5.46,11.54,43.418,63.49,4.92,2.6500000000000004,3.09,3.22,55.870000000000005
0,2.39,2.39,2.3575,2.325,2.28,2.463333333333333,2.6466666666666665,2.28,2.65,2.56,2.47,2.4800000000000004,2.49,2.79,2.51,2.64,2.28,2.35,2.46,2.5549999999999997
0,1.98,2.06,1.99,2.17,2.1799999999999997,2.19,1.89,2.03,2.01,1.93,2.1,1.74,1.995,2.25,2.14,2.2,2.26,1.94,1.93,1.92
1,1.7,1.7,1.58,1.9166666666666667,1.84,1.83,1.025,1.1475,1.27,1.38,1.5733333333333333,1.7666666666666668,1.12,1.78,1.79,1.775,1.7475,1.72,4.585,399.17
0,3.23,3.29,3.495,3.7,2.66,2.7350000000000003,2.81,3.12,2.69,3.0549999999999997,2.685,2.5450000000000004,2.62,2.495,2.56,2.52,2.5,2.635,2.89,2.8
0,3.0949999999999998,3.83,3.47,3.62,3.29,3.16,3.47,3.44,3.48,3.49,3.26,3.15,3.04,2.18,3.1,2.82,2.87,2.92,3.6,3.34
0,1.5,1.5,1.58,1.6,1.45,1.405,1.36,1.47,1.45,1.5150000000000001,1.58,1.4,1.4649999999999999,1.53,1.44,1.72,2.0,1.45,2.37,1.45
1,3.7249999999999996,3.7249999999999996,3.7249999999999996,3.7249999999999996,3.7249999999999996,3.11,3.14,2.16,2.185,1.655,1.9125,2.17,2.035,2.79,2.3274999999999997,2.3049999999999997,3.9500000000000006,2.73,2.56,4.584
0,2.7,2.7,2.4,2.033333333333333,1.9,1.7,1.7,1.75,1.5,1.6,1.6,1.6,1.4666666666666668,1.56,1.48,1.45,1.3,1.33,1.26,1.505
0,3.92,3.92,3.92,3.92,3.94,2.61,2.94,2.65,2.425,2.19,2.37,1.56,1.88,1.8074999999999999,1.7349999999999999,1.7075,1.68,1.57,1.72,1.51
0,2.3,2.17,2.27,2.22,2.31,2.19,2.23,1.91,1.98,2.1,1.975,1.975,1.85,1.7533333333333334,1.7533333333333334,1.6566666666666665,1.88,1.61,1.74,1.575
1,7.29,4.295,4.26,3.73,2.9,3.45,3.61,3.65,3.35,3.29,2.15,2.3049999999999997,2.04,2.31,2.38,2.44,1.73,1.843333333333333,2.44,5.176666666666667
0,1.96,1.6,1.26,1.26,1.5,1.45,1.3500000000000003,1.37,1.55,1.46,1.405,1.43,1.38,1.3466666666666667,1.49,1.21,1.31,1.41,1.31,1.2300000000000002
1,18.0,13.6,11.6,9.3,9.7,10.1,12.0,12.7,9.0,5.300000000000001,9.0,8.665,8.33,9.93,10.274999999999999,10.62,9.87,11.542857142857143,13.215714285714286,11.838
1,4.06,4.06,4.06,4.06,4.06,3.933333333333333,3.36,3.49,4.38,4.465,4.55,4.55,4.96,8.02,6.53,4.13,13.22,114.32333333333332,25.4125,39.39333333333334
1,2.66,2.64,2.3449999999999998,2.05,2.36,1.88,2.285,2.69,1.96,1.97,1.98,1.83,2.01,2.19,2.08,1.85,1.65,1.45,16.01,439.76500000000004
1,3.78,3.47,3.45,3.34,2.94,2.64,2.63,2.55,2.29,2.03,1.92,1.855,1.79,1.65,1.8,1.7850000000000001,1.77,1.59,1.6875,1.785
1,5.02,4.17,4.69,5.5,4.36,4.316666666666666,3.105,3.3699999999999997,3.51,3.05,2.575,3.2,2.95,2.5833333333333335,2.68,2.04,2.31,2.29,1.77,1.3366666666666667
0,1.93,2.1933333333333334,1.48,1.66,2.26,1.88,2.09,1.94,1.66,1.93,1.65,1.765,1.88,1.7566666666666666,1.6,1.73,1.86,1.915,1.915,1.9700000000000002
0,2.47,2.46,2.45,2.76,2.96,2.98,2.935,2.89,2.98,3.14,3.265,3.39,3.06,3.47,3.39,3.31,3.97,2.98,2.15,2.81
0,1.32,1.32,1.24,1.16,1.32,1.32,1.4,1.16,1.2,1.24,1.2,1.16,1.32,1.3599999999999999,1.4,1.57,1.53,1.49,1.65,1.4
1,5.7,4.21,4.255,4.3,5.37,5.205,5.04,4.13,4.86,5.87,5.6499999999999995,6.295,6.94,5.79,4.63,4.3,4.38,4.21,3.8,3.39
0,2.434,2.18,2.2966666666666664,2.32,3.21,10.26,47.3875,43.932,2.9222222222222225,1.4866666666666666,1.685,1.8166666666666664,1.68,1.626666666666667,1.6733333333333331,2.21,2.396,3.1,7.691666666666666,4.111666666666667
1,1.095,0.89,1.12,1.24,1.05,0.8500000000000001,1.11,1.13,1.06,0.8,0.98,1.12,1.21,1.0,1.07,1.02,1.15,1.08,0.94,1.02
0,4.21,4.01,3.81,3.795,3.78,9.09,9.34,9.09,9.26,9.26,9.26,9.34,8.8,8.26,7.77,8.68,8.225,7.77,8.02,8.51
0,2.0,2.2,2.4,2.42,2.54,2.66,2.72,2.59,2.58,2.57,2.96,2.48,2.4,2.435,2.47,2.27,2.54,2.08,2.115,2.15
0,1.83,1.59,1.86,1.73,2.26,1.76,1.62,1.36,1.98,2.03,1.88,1.91,1.665,1.42,1.28,1.39,1.48,1.71,1.62,1.5750000000000002
0,4.11,4.625,5.14,3.79,3.6,3.41,3.4499999999999997,3.48,3.02,3.035,3.05,2.84,2.945,3.05,3.04,55.415000000000006,107.79,16.26,4.58,3.925
0,1.04,1.11,1.12,1.11,1.14,1.1,1.16,1.1324999999999998,1.105,1.21,1.31,1.37,1.37,1.43,1.27,1.12,1.215,1.31,1.385,1.46
0,0.86,0.9199999999999999,0.98,0.95,0.82,0.81,0.85,0.86,0.88,0.79,0.92,0.88,0.84,0.94,0.625,0.7,0.95,0.9125,0.875,0.9500000000000001
1,8.74,8.74,8.74,8.74,8.74,4.8,3.7,3.8,3.9,3.4,3.4,2.8,3.0,3.0,2.8,2.7,2.9,3.0,2.9,2.643333333333333
1,2.3266666666666667,1.94,2.05,1.9049999999999998,2.14,1.51,1.79,1.97,2.15,1.93,1.69,1.98,3.14,4.34,5.54,7.44,14.876666666666667,19.83,33.88666666666666,92.26333333333334
0,2.1,2.2750000000000004,2.45,2.44,2.58,2.27,2.39,2.41,1.91,1.9633333333333332,2.26,2.41,2.53,2.6,2.92,2.36,2.81,3.13,2.7925,2.455
1,15.26,7.71,3.16,2.89,2.3866666666666667,2.0933333333333333,1.8,1.3,1.5,1.4,1.25,1.1,1.4,1.35,1.3,1.6,1.7000000000000002,1.8,5.2,31.166666666666668
1,16.38,16.38,1.605,1.09,0.805,0.61,0.0,0.55,0.5,0.97,0.99,0.72,0.61,0.72,0.88,0.8,0.8500000000000001,0.9,0.8,0.7
0,1.62,1.62,2.15,1.755,1.36,1.405,1.45,1.76,1.655,1.55,2.13,4.3,6.47,240.49333333333334,121.982,1.4933333333333332,1.48,1.74,1.83,1.5
1,3.88,3.12,2.89,2.66,2.5525,2.4450000000000003,2.2425,2.04,2.08,2.04,2.0,2.04,1.915,1.79,1.78,1.53,1.71,1.74,1.82,1.9249999999999998
1,1.49,1.5,1.45,1.5,1.4449999999999998,1.39,1.49,1.57,1.6099999999999999,1.65,1.4,1.57,1.7349999999999999,1.9,1.57,1.57,1.695,1.695,1.82,2.3633333333333333
1,2.48,2.08,1.91,1.86,2.16,2.02,2.3049999999999997,2.59,4.27,3.385,2.5,2.61,2.16,2.54,3.1766666666666667,3.1766666666666667,3.813333333333333,3.585,3.97,2.7733333333333334
0,2.15,1.4,1.9,1.39,1.355,1.32,1.49,1.32,1.4,1.2133333333333332,1.24,1.07,1.24,1.16,1.035,0.91,0.91,0.8500000000000001,0.79,0.75
0,4.11,4.11,4.11,3.6900000000000004,3.27,2.86,3.145,3.43,2.46,2.79,3.12,2.62,2.8,2.74,2.49,2.54,2.62,2.36,2.27,2.295
0,4.8,4.7,4.550000000000001,4.4,4.4,4.5,4.6,4.5,4.2,4.1,4.1,3.9,3.8,3.8,3.82,3.5666666666666664,3.45,3.9,3.43,3.36
0,7.29,7.59,7.17,7.35,5.84,5.645,6.45,5.58,5.633333333333333,5.5216666666666665,5.41,4.67,4.98,5.035,5.09,3.9,3.82,4.12,4.235,3.605
1,27.045,27.045,7.48,4.11,3.05,3.21,3.07,2.94,2.6950000000000003,2.45,2.85,2.55,3.04,3.53,3.06,3.9349999999999996,4.81,4.882,4.954,5.62
1,1.69,1.32,0.99,0.96,1.12,1.02,0.97,0.9499999999999998,0.83,0.9,0.88,0.81,0.83,0.87,0.86,0.85,0.76,1.04,1.32,25.285
0,2.04,2.23,2.315,2.4,1.92,1.63,1.875,2.12,2.13,2.025,1.92,2.1,2.48,2.51,1.96,2.16,2.36,2.51,2.26,2.19
1,6.78,6.78,6.78,6.2,5.7,5.79,4.835,3.88,4.38,3.72,3.64,3.64,3.64,2.98,3.47,3.305,3.14,2.81,2.81,43.22
1,7.0,8.467500000000001,8.365,9.63,7.4,8.48,9.68,8.64,7.69,7.24,6.79,8.18,8.676666666666666,9.173333333333334,12.568,9.93,10.32,10.049999999999999,14.383,18.716
0,994.4933333333333,994.4933333333333,17.77,10.08,8.1,6.86,6.28,7.6,6.28,6.36,5.905,5.45,6.78,6.035,5.29,5.7,5.53,5.36,4.97,5.17
1,3.385,2.78,2.513333333333333,2.04,1.63,1.93,2.13,2.05,2.26,1.69,1.62,1.84,1.48,1.79,1.83,1.89,2.28,3.19,19.65,84.46000000000001
0,1.82,1.82,1.7349999999999999,1.65,1.32,1.32,1.65,1.57,1.24,1.49,1.65,1.49,1.49,1.24,1.4,1.57,1.24,1.2650000000000001,1.29,1.3900000000000001
1,51.06,51.06,3.73,45.485,26.1075,6.73,5.62,3.51,2.82,2.48,2.14,2.125,2.11,1.83,1.99,1.8199999999999998,1.65,1.65,1.85,1.8
1,3.045,3.045,3.045,3.045,3.045,3.22,3.4,3.59,3.32,3.1533333333333338,3.14,2.55,3.1,3.0,3.29,3.15,3.31,3.47,3.45,3.5733333333333337
0,1.3,1.4,1.5,1.6,1.2,1.35,1.5,1.2666666666666666,1.2833333333333332,1.3,1.2,1.15,0.9,0.9950000000000001,1.09,0.75,0.75,0.75,0.79,0.75
0,1.33,1.45,1.71,1.4100000000000001,1.11,0.9,1.04,1.18,1.21,1.205,1.2,1.1233333333333333,1.04,1.04,0.98,0.74,0.86,0.83,0.9299999999999999,0.91
0,1.24,0.91,1.07,0.83,0.745,0.66,0.91,0.91,0.91,0.91,0.825,0.74,0.74,0.66,0.66,0.66,0.91,0.78,0.75,0.76
1,6.36,6.36,6.36,6.36,6.36,6.36,4.21,2.07,2.72,2.4,2.79,2.81,2.955,3.205,3.45,3.94,4.79,2.8280000000000003,1.86,4.776000000000001
1,3.025,3.025,3.025,2.66,2.67,2.3133333333333335,2.0,1.78,1.56,1.95,2.035,2.12,2.07,1.81,1.55,3.01,12.87,13.679000000000002,3.2133333333333334,23.720000000000002
1,4.63,5.39,4.66,4.145,3.63,3.19,3.285,3.38,3.02,3.02,3.02,3.08,2.9050000000000002,2.73,2.97,3.51,3.03,2.46,7.122,11.784
0,1.87,1.58,1.69,1.9466666666666665,1.83,1.98,1.83,1.91,1.6,2.01,2.22,2.13,2.26,1.94,2.18,2.17,2.42,2.23,2.23,1.825
1,17.450000000000003,8.86,7.26,6.56,5.84,6.12,6.4,6.55,6.08,5.69,5.36,5.733333333333333,6.1066666666666665,5.311999999999999,4.83,3.19,3.94,3.98,4.62,16.6
1,4.17,4.17,3.77,3.6075,3.445,4.02,2.97,3.02,2.76,2.718333333333333,2.6766666666666663,2.6,3.1,2.89,2.6,2.51,2.42,2.68,2.33,2.5525
1,4.96,4.135,6.61,6.61,9.92,6.2,4.96,4.998333333333333,5.036666666666666,3.84,3.45,3.06,11.845,8.36,14.58,19.19,16.92,39.555,53.72,100.81000000000002
1,8.41,8.41,8.41,8.41,8.41,3.35,1.9900000000000002,1.66,1.66,1.62,1.65,1.83,1.71,1.5,2.08,1.675,1.72,1.95,1.84,41.339999999999996
0,24.29,24.29,30.88,27.4,23.92,26.09,24.67,25.94,22.35,24.89,23.21,23.495,23.78,26.7,24.18,24.445,24.71,24.395,24.08,24.02
0,2.3,2.3,2.0,2.3,1.8666666666666665,1.6,2.1,1.6,1.7000000000000002,1.8,1.85,1.9,1.6000000000000003,1.26,1.56,1.3475,1.2349999999999999,1.2574999999999998,1.28,1.36
0,2.83,2.83,2.83,2.83,3.005,3.1533333333333338,2.91,2.0466666666666664,2.04,1.765,1.5875,1.41,1.195,1.09,0.985,0.95,0.875,1.0150000000000001,0.915,0.8049999999999999
0,1.5,1.2,1.37,1.25,1.13,1.36,1.375,1.39,1.44,1.5,1.26,1.34,1.52,1.43,1.45,1.39,1.31,1.49,1.3866666666666667,1.27
0,1.0,1.0,1.47,1.13,1.01,0.75,1.37,0.94,0.95,0.96,0.99,0.86,0.645,0.43,0.59,0.6699999999999999,0.75,0.73,0.71,0.64
1,1.64,1.5,1.6,1.8,1.65,1.5,1.5,1.5,1.5,1.8,1.65,1.5,1.8,2.1,5.749999999999999,9.399999999999999,17.766666666666666,29.1,32.4,31.6
1,5.055,4.39,5.97,5.55,3.8,3.18,2.95,3.436666666666667,3.05,3.62,2.88,2.12,2.28,2.4,2.6,2.42,2.61,3.0,2.1566666666666667,1.79
1,3.56,3.9800000000000004,4.52,4.13,3.64,5.12,4.96,4.55,4.79,4.17,3.55,4.21,4.55,4.96,4.239999999999999,4.35,4.46,4.79,3.72,4.656666666666666
1,8.45,6.83,7.69,8.7925,9.895,8.475,8.5,9.55,9.32,7.7,7.65,7.083333333333333,7.828333333333333,8.573333333333332,8.08,7.915,7.75,7.16,8.02,18.171666666666667
0,1.2,1.2,1.84,1.55,1.55,1.55,1.5899999999999999,1.63,1.99,1.81,1.83,1.65,1.8699999999999999,2.09,1.87,1.65,2.31,1.93,1.93,2.27
0,1.8,2.2,1.98,1.93,1.74,1.49,2.01,2.23,2.42,2.3899999999999997,2.36,1.99,2.2350000000000003,2.0825,1.93,1.99,2.17,2.35,2.54,2.32
1,2.6,2.6,2.88,2.26,2.07,2.12,2.11,2.15,2.02,1.89,1.68,1.57,1.6099999999999999,1.65,1.32,0.8933333333333333,0.4666666666666666,1.53,1.49,1.57
0,3.7,3.7,4.96,5.74,3.85,4.23,4.87,4.53,4.19,3.22,3.425,3.63,4.14,2.8,3.165,3.53,3.62,4.86,4.1925,3.525
1,2.385,2.3533333333333335,2.3,2.43,2.5,2.415,2.33,2.23,2.07,2.23,1.9,1.57,1.4,1.65,2.07,2.07,2.07,1.82,1.85,1.88
0,1.9,1.7,1.7,1.8,1.7,1.7,1.7999999999999998,1.9,1.7,1.9,1.9,1.9,1.7349999999999999,1.57,1.5,1.43,1.53,1.645,1.76,2.07
1,25.860000000000003,3.63,2.79,2.27,2.23,2.1550000000000002,2.13,2.01,2.08,2.03,2.3,1.91,1.955,2.0,2.22,2.22,2.1100000000000003,2.0,1.57,1.885
1,2.73,2.4,2.25,2.17,2.19,2.21,1.96,2.27,2.23,2.34,2.73,2.19,2.73,3.06,4.13,4.75,5.8675,6.984999999999999,22.31,40.992000000000004
0,1.59,1.59,1.45,1.63,1.29,1.2275,1.165,1.26,1.31,1.36,1.36,1.29,1.295,1.11,0.88,1.315,1.27,1.12,1.08,1.385
1,5.16,5.16,5.16,5.16,5.16,4.5,3.42,2.95,2.78,2.36,2.47,2.2466666666666666,1.9183333333333334,1.59,1.76,1.8,2.12,1.7866666666666664,1.58,1.6724999999999999
1,112.35333333333334,112.35333333333334,20.17,14.87,7.49,6.19,4.88,4.6,4.3,2.9,2.4,2.62,2.53,2.545,2.56,2.025,2.025,2.025,1.49,1.8999999999999997
1,25.692,6.88,6.365,7.62,7.2,5.7,5.1,5.1,4.1,3.6,3.8000000000000003,3.65,3.7,4.1,3.4666666666666663,3.2333333333333334,3.0,3.3800000000000003,3.0766666666666667,3.1374999999999997
0,2.06,2.77,2.53,2.51,2.5999999999999996,2.69,2.6199999999999997,2.26,2.44,2.48,2.02,1.93,2.315,2.7,2.15,2.43,2.63,2.83,2.56,2.22
1,3.8,3.47,3.39,3.14,2.725,2.31,2.81,2.7350000000000003,2.7350000000000003,2.7350000000000003,2.7350000000000003,2.66,2.685,2.12,2.22,2.4,2.4625,2.546666666666667,2.15,1.9533333333333331
0,1.53,1.53,1.5150000000000001,1.5,2.0,1.915,1.83,1.6099999999999999,1.72,1.97,1.935,1.9,1.79,1.83,1.84,1.885,1.93,1.85,2.12,1.71
0,2.13,1.9049999999999998,1.68,1.05,1.82,1.78,1.74,1.82,1.74,2.73,2.255,1.78,1.6733333333333333,1.5666666666666664,1.6083333333333332,1.65,1.82,1.49,1.65,1.57
1,6.58,5.823333333333333,5.09,5.196666666666666,5.056666666666667,4.37,4.42,4.37,3.83,4.27,3.9266666666666667,3.5833333333333335,4.38,3.325,3.6,4.1,3.93,4.06,4.06,3.7800000000000002
1,5.33,4.88,5.31,5.25,4.66,4.795,4.11,4.380000000000001,4.65,4.65,3.98,4.1000000000000005,4.73,4.125,3.76,4.115,5.3133333333333335,5.59,7.48,11.238333333333332
0,0.94,1.1,1.02,1.02,1.02,1.0350000000000001,1.05,1.07,1.12,1.17,1.26,0.94,1.22,1.23,1.13,1.13,1.3,1.1,1.48,1.22
0,4.4,4.3,4.55,4.8,4.1,4.0,3.9,3.8,4.0,3.8499999999999996,4.066666666666666,3.933333333333333,3.8,3.51,3.733333333333333,3.6816666666666666,3.63,3.685,3.74,4.28
1,4.343333333333334,4.343333333333334,4.0600000000000005,3.4519999999999995,3.4609999999999994,3.4699999999999998,2.95,2.84,3.11,2.57,2.34,2.53,2.65,2.49,2.33,2.17,1.9849999999999999,1.8,1.44,1.6475
1,8.74,8.74,8.74,8.74,8.74,4.55,3.54,2.77,3.4,3.06,2.72,2.36,2.38,1.98,2.97,2.8,2.38,2.4,53.72,1395.0600000000002
1,3.8,2.15,2.23,2.065,2.065,1.9,2.07,1.82,1.49,1.57,1.24,1.4,0.91,0.91,1.115,1.115,1.32,2.07,16.96375,31.8575
1,4.203333333333334,4.203333333333334,4.203333333333334,4.203333333333334,4.203333333333334,4.203333333333334,4.39,3.6799999999999997,3.58,3.82,4.48,4.275,4.45,5.53,8.15,8.9125,9.7,14.57,21.41,24.962500000000002
1,6.32,7.19,6.456666666666667,6.838333333333333,7.22,7.63,7.88,7.34,6.18,5.5633333333333335,8.25,6.07,4.49,4.44,5.08,7.33,14.015,19.311666666666667,23.866666666666667,54.607142857142854
0,1.95,1.8033333333333335,1.656666666666667,1.52,1.63,1.64,1.42,1.31,1.475,1.64,1.545,1.45,1.36,1.49,1.4,1.42,1.35,1.37,1.36,1.475
1,4.846666666666667,5.4350000000000005,5.61,5.33,4.87,5.05,4.8,5.5,5.2,4.7,5.3,4.7,6.965,9.229999999999999,12.05,10.241666666666667,8.433333333333332,16.779999999999998,27.3,71.55
1,4.17,3.83,3.29,2.75,2.63,2.7,2.77,2.58,2.99,3.4,13.610833333333334,23.82166666666667,2.33,2.115,2.15,2.1199999999999997,2.02,2.34,2.62,4.022
0,10.58,3.22,2.81,2.23,1.65,1.57,2.07,1.9,1.49,1.8049999999999997,2.1199999999999997,7.271666666666666,12.423333333333332,7.19,3.88,3.4699999999999998,3.06,3.075,3.09,3.03
1,8.239999999999998,8.239999999999998,3.183333333333333,2.9299999999999997,3.203333333333333,3.4766666666666666,3.26,3.3,3.64,3.64,3.31,3.79,3.78,3.2,3.92,5.1899999999999995,6.46,4.25,5.21,4.042
0,1.54,1.74,1.8,1.665,1.53,2.21,1.88,1.47,1.685,1.685,1.9,1.81,2.0,2.035,2.07,1.9,2.15,2.2,2.25,1.68
0,3.06,3.33,3.37,3.61,3.3733333333333335,3.38,3.61,3.74,3.51,3.81,3.26,3.32,3.03,3.38,3.26,3.08,3.66,3.25,3.73,3.46
1,3.42,3.69,3.34,3.31,3.8,3.55,3.32,3.315,3.31,3.1933333333333334,3.72,3.8,3.88,3.97,4.63,4.63,5.29,7.6,19.42,63.8425
0,2.27,2.27,1.73,2.18,2.29,2.4,2.15,2.23,1.9,1.57,1.98,1.98,1.815,1.65,1.98,1.32,1.53,1.74,1.74,1.74
1,3.402,3.402,3.0949999999999998,3.14,2.9000000000000004,2.66,2.83,2.4,2.58,2.315,1.9,2.07,2.1950000000000003,2.0475000000000003,1.9,1.98,1.8633333333333333,1.8016666666666667,1.74,1.7225000000000001
0,12.233333333333334,12.233333333333334,12.233333333333334,12.233333333333334,4.75,3.475,2.2,1.9,1.5,1.55,1.8,2.1,1.3,1.12,1.37,1.4649999999999999,1.49,1.53,1.13,1.49
0,2.12,2.03,2.31,2.18,2.393333333333333,2.0,2.17,2.12,2.08,2.24,2.17,1.85,2.19,1.96,2.05,2.19,1.94,2.16,1.96,2.295
0,2.55,2.7,2.7,2.7,2.6,2.4,2.7,2.8,2.9,2.9,2.9,2.8499999999999996,2.8,2.38,2.285,2.19,2.2199999999999998,2.25,2.51,2.65
0,1.93,1.67,1.815,1.96,1.57,1.55,1.62,1.455,1.29,1.43,1.6,1.47,1.255,1.04,1.5,1.56,1.62,1.565,1.51,1.45
1,10.99,8.6,4.96,4.79,5.28,4.55,3.82,7.43,6.74,5.43,5.22,4.495,3.71,3.665,3.62,3.36,3.38,3.4,3.55,2.9033333333333338
0,2.6,2.6500000000000004,2.7,2.4,2.3499999999999996,2.3,2.2,2.0,1.9,1.7,1.9,1.6,1.4,1.58,1.24,1.25,1.26,1.355,1.45,1.5
1,5.34,5.745,6.15,6.12,5.26,6.31,4.93,5.025,5.12,5.99,4.88,4.21,3.18,3.5,3.16,3.98,3.88,4.95,7.401999999999999,9.854
0,1.25,1.25,1.25,1.25,1.69,1.28,1.18,1.07,1.36,1.29,1.37,1.52,1.12,1.09,1.26,1.6,1.83,1.73,1.93,1.32
1,25.2,25.2,25.2,25.2,3.6,2.8,2.0,1.5,1.5,1.55,1.6,1.23,1.39,1.47,1.39,1.7433333333333332,12.9,297.87,2329.415,57020.39333333333
0,3.675,2.23,2.4766666666666666,2.4,2.4,2.23,2.31,2.23,2.4,2.4,2.31,2.2866666666666666,2.23,1.82,2.15,2.07,2.15,2.15,2.15,2.19
1,2.25,2.25,2.3266666666666667,2.77,2.45,2.1100000000000003,2.06,2.435,2.5175,2.34,1.8633333333333335,2.3333333333333335,2.0025,1.16,1.25,1.4666666666666668,1.5383333333333336,1.61,1.655,1.6416666666666666
1,6.96,6.96,6.96,6.96,6.96,6.96,6.65,4.97,4.43,3.56,2.97,3.03,3.64,3.22,3.14,2.81,3.06,2.89,2.64,4.21
1,4.88,3.83,3.69,2.83,5.25,3.33,3.84,4.183999999999999,4.241999999999999,4.3,3.7199999999999998,3.14,4.38,4.55,4.63,4.71,5.37,9.09,23.97,59.85857142857144
0,4.0,4.0,4.0,4.0,4.0,3.7,3.6,3.15,2.8,3.1,3.1,3.1,2.7000000000000006,2.47,2.63,2.49,2.64,2.83,3.03,3.68
0,3.8,3.8,3.74,3.515,3.29,2.55,3.69,3.3049999999999997,2.92,3.0875,3.09,3.21,3.0233333333333334,3.069166666666667,3.115,2.98,3.08,3.0,3.45,2.995
0,2.4,1.82,1.98,1.94,1.9,2.15,2.065,1.98,2.07,2.15,2.065,1.98,2.025,2.07,2.23,2.4,1.8733333333333333,2.0,2.22,1.91
1,11.05,9.88,10.31,12.49,10.8,17.11,42.928,50.618,1.9433333333333334,1.635,1.4300000000000002,1.4225,1.415,1.36,1.31,1.1333333333333335,1.62,1.46,1.44,1.4124999999999999
1,9.55,9.55,9.55,10.54,8.89,8.02,6.775,6.153333333333333,5.93,5.2,7.1,5.3,4.4,4.683333333333333,4.45,4.35,4.666666666666667,4.08,4.7,4.6000000000000005
1,6.76,5.295,4.5975,3.9,3.7,3.56,3.33,3.25,4.29,3.54,3.21,3.27,3.76,3.36,2.385,2.33,3.02,3.67,9.035,14.4
0,2.64,2.23,2.23,2.48,2.73,3.47,2.81,2.81,2.89,2.975,2.975,2.975,3.06,2.64,2.4,2.3575,2.315,2.26,2.02,2.5
1,5.345000000000001,4.55,5.0,4.14,4.14,4.425,4.71,4.63,4.38,4.42,4.46,3.97,4.38,4.88,5.29,5.455,5.62,4.88,8.915000000000001,12.950000000000003
0,1.07,1.07,1.115,1.16,0.66,0.825,0.99,1.24,1.07,1.195,1.32,1.3599999999999999,1.4,1.49,1.57,1.6099999999999999,1.65,1.5,1.2,1.04
1,13.445,9.205,9.205,4.965,4.51,4.72,3.47,3.015,2.56,2.28,2.16,2.2666666666666666,2.21,2.223333333333333,1.42,2.19,1.93,2.34,2.45,2.274
0,6.58,3.4,2.9299999999999997,2.46,2.73,2.81,2.725,2.64,2.48,2.48,2.48,2.98,2.98,2.855,2.73,3.31,2.975,2.64,2.48,2.81
1,3.26,3.43,2.75,2.32,1.89,1.8,1.78,1.76,1.63,1.72,1.83,1.815,1.8,1.59,1.98,1.91,1.48,1.565,1.65,1.59
1,3.89,3.89,3.89,4.34,4.2,4.745,5.29,5.79,5.98,5.62,5.125,4.63,5.79,4.96,5.37,5.37,5.245,5.12,4.96,5.205
0,5.76,6.52,5.52,5.253333333333333,4.49,3.98,4.15,3.7466666666666666,3.66,4.1,3.96,3.42,3.52,3.2,3.47,3.26,3.07,2.88,3.17,3.25
1,3.31,2.48,2.895,2.48,3.31,2.48,2.48,3.31,2.76,3.11,3.66,3.94,5.12,5.949999999999999,5.6,7.33,7.79,8.381666666666668,8.973333333333334,7.513333333333333
0,1.49,1.9,1.38,1.13,1.31,1.49,1.4,1.65,1.49,1.5699999999999998,1.65,1.49,1.5699999999999998,1.65,1.57,1.49,1.53,1.57,6.12,7.11
1,1.45,1.55,1.4,1.49,1.65,1.82,1.6099999999999999,1.4,1.4,1.49,1.4033333333333333,1.16,1.32,1.16,1.16,0.99,1.028,1.1400000000000001,1.08,1.0020000000000002
1,4.32,4.416666666666667,4.57,3.3,4.863333333333333,5.86,10.646666666666667,15.433333333333332,5.85,8.0,10.15,6.74,8.31,6.86,9.9575,4.68,4.93,4.89,4.85,4.518000000000001
1,3.72,3.31,3.39,2.64,2.765,2.89,2.89,3.47,2.98,2.81,2.975,3.14,2.81,2.81,2.81,2.89,2.98,3.02,3.06,3.6733333333333333
0,1.64,1.88,1.7766666666666666,1.7,1.98,1.72,1.87,1.82,1.85,2.01,2.11,1.87,2.16,1.97,1.9,1.73,2.05,1.94,1.95,2.066666666666667
0,6.21,9.125,8.48,8.285,8.09,7.36,8.34,8.285,7.93,7.8,7.67,7.57,7.57,7.555,7.54,7.33,7.12,7.5600000000000005,8.0,7.82
0,2.03,2.4,2.0666666666666664,2.52,2.27,2.14,2.0,2.1,2.15,1.77,2.3699999999999997,1.7600000000000002,1.75,2.1133333333333333,2.15,2.3,1.95,2.37,2.35,2.18
0,4.31,4.38,4.45,4.75,3.22,3.5,3.5149999999999997,3.53,4.29,3.24,3.68,4.12,3.74,3.835,3.93,4.03,4.21,3.975,3.74,3.36
0,2.23,1.94,1.65,1.82,2.07,2.07,2.07,1.9849999999999999,1.9,2.15,1.74,2.07,2.31,2.395,2.48,2.56,2.435,2.31,3.88,1.74
1,2.31,2.3049999999999997,2.25,2.26,2.27,2.16,2.2800000000000002,2.4,2.61,2.255,1.9,1.92,2.02,2.12,2.13,2.465,2.8,5.21,15.08,59.040000000000006
1,8.344999999999999,7.36,8.2,7.35,7.27,5.54,4.88,5.665,6.45,5.95,5.95,5.95,6.03,3.97,3.31,5.62,12.932500000000001,20.245,32.665,77.27000000000001
1,4.505,3.39,1.24,0.83,1.74,2.025,3.22,2.17,2.25,1.84,2.02,2.2,2.35,2.2,2.1,1.835,1.57,1.82,2.05375,2.2875
1,2.69,2.745,2.8,2.21,2.315,2.42,2.33,2.3449999999999998,2.36,2.31,2.3,2.29,2.45,2.42,2.39,2.61,2.3,1.88,4.38,314.5
1,24.795,24.795,24.795,24.795,5.6,4.1,6.8,5.7,6.166666666666667,5.383333333333333,4.6,5.2,4.25,3.3,4.133333333333333,4.8,4.9,6.4,10.913333333333334,31.7
1,7.03,7.03,7.03,7.03,7.03,11.860000000000001,16.69,1.58,1.36,1.125,1.0,1.3,1.6099999999999999,1.49,1.57,1.325,1.4,1.4,1.65,9.586666666666666
1,15.41,15.41,15.41,15.41,12.555,1066.9750000000001,10489.936666666666,2.435,1.67,1.33,1.58,1.3133333333333332,1.27,1.31,1.6,1.39,0.77,1.07,0.83,33.622
0,1.88,1.88,1.88,1.88,1.88,1.88,2.0566666666666666,2.165,2.11,2.13,2.2466666666666666,2.59,2.84,2.54,2.39,2.32,2.32,2.4,2.31,2.43
1,2.21,2.21,2.0,1.79,1.4,1.31,1.27,1.31,1.27,1.45,1.3,1.12,1.21,1.21,1.2,1.03,1.05,1.07,1.21,1.1466666666666667
0,2.1,2.21,2.02,1.875,1.73,1.48,1.77,1.82,1.83,1.73,1.8766666666666667,1.86,1.99,1.77,1.57,1.37,1.445,1.52,1.545,1.51
0,0.71,0.9,0.91,0.87,0.76,0.7,0.64,0.75,0.72,0.69,0.8,0.72,0.64,0.79,0.81,0.83,0.88,0.75,0.79,0.78
0,3.0,2.9,1.9,2.2,2.4,2.75,3.1,2.2,3.2,2.9,4.1,3.4,2.7,3.175,2.81,4.04,4.12,4.27,5.48,7.295
1,2.77,2.39,2.296666666666667,2.62,2.38,2.49,2.6,2.47,2.515,2.56,2.56,2.27,1.98,2.31,2.89,36.29333333333333,69.69666666666666,30.58,41.32,111.242
0,2.52,2.5125,2.505,2.15,2.22,2.03,2.18,2.12,2.2,2.11,2.4,2.0549999999999997,2.2,2.11,2.01,2.36,2.13,1.9,2.26,2.325
0,2.6,2.6,2.33,2.35,2.08,1.84,1.7650000000000001,1.75,1.71,1.67,1.72,1.5,1.48,1.46,1.27,1.34,1.44,1.4649999999999999,1.49,1.3166666666666667
0,259.0,130.4,1.8,1.7,1.7,1.85,2.0,1.64,1.8666666666666665,1.7833333333333332,1.7,1.6,1.6,1.6866666666666665,1.69,1.575,1.46,1.79,1.85,1.54
0,3.93,3.87,4.06,4.46,4.2,3.36,3.6899999999999995,4.02,4.26,4.075,3.89,3.61,3.635,3.66,3.31,3.58,3.4050000000000002,3.23,3.59,3.13
0,1.89,2.04,1.82,1.79,2.05,1.7000000000000002,1.76,1.75,1.63,1.83,2.02,1.65,1.85,1.81,1.38,1.47,1.43,1.5899999999999999,1.75,1.845
1,2.79,2.6,2.55,2.5,2.71,3.17,2.92,2.54,2.16,2.15,2.3449999999999998,2.54,2.19,2.0999999999999996,2.01,2.37,2.3600000000000003,2.35,2.45,4.665
1,9.46,9.46,9.46,9.46,9.46,5.23,9.05,11.07,9.92,9.01,9.42,9.09,7.19,6.2,5.79,4.71,4.3,4.656666666666666,3.928333333333333,3.1999999999999997
0,2.81,2.89,2.81,2.48,2.685,2.89,3.015,3.14,2.64,2.64,2.56,2.81,3.06,2.73,2.645,2.56,2.2,2.46,2.72,2.56
0,2.13,2.02,1.93,2.055,2.18,2.31,2.285,2.26,2.78,2.61,2.44,2.41,2.2750000000000004,2.14,2.11,2.36,2.455,2.55,2.87,2.68
1,2.045,1.7,1.49,1.49,1.28,1.85,1.86,1.87,1.37,1.61,1.61,1.9849999999999999,2.36,3.44,6.36,4.31,6.645,8.98,7.445,10.79
0,1.42,1.68,1.32,1.05,1.49,1.5699999999999998,1.65,1.4,1.4,1.32,1.24,1.405,1.57,1.82,1.7349999999999999,1.65,1.74,1.82,1.65,1.82
0,2.31,1.98,2.23,2.31,1.9,2.15,2.4,2.4,2.4,2.4,2.98,2.645,2.31,2.48,2.395,2.31,2.07,1.835,1.6,2.55
0,0.8,1.0,1.1,1.2,1.0,1.2,1.2,1.1,1.0,1.4,1.4,1.4,1.615,1.83,2.54,2.97,4.93,8.33,11.9,16.05
0,3.36,3.47,3.535,3.6,3.12,3.2,3.28,3.5,3.115,3.115,2.73,3.08,2.9,2.64,2.65,2.55,2.76,2.73,2.75,2.87
0,1.02,1.04,0.95,1.02,0.99,1.05,0.98,0.83,0.89,0.94,1.04,1.12,0.83,0.99,0.965,0.94,0.94,0.83,1.13,1.065
1,3.05,2.87,2.16,1.95,2.28,1.88,1.84,2.15,1.65,1.44,1.4,1.4,1.2999999999999998,1.2,1.7,2.9,25.400000000000002,60.2,2.8,135.5
0,1.09,1.0550000000000002,1.02,0.96,0.99,1.115,1.24,1.07,0.99,0.99,1.16,1.16,1.07,0.99,0.91,1.16,0.99,1.32,1.32,1.32
0,2.0,2.2,2.0,1.8,1.8,1.9,2.0,2.1,1.8,1.8,1.85,1.8,1.8,1.8,1.59,1.55,1.69,1.67,1.74,1.72
1,3.75,2.575,2.22,2.12,1.88,2.04,1.8199999999999998,2.12,2.26,2.18,2.18,2.515,1.855,1.62,1.52,1.5999999999999999,1.6,2.0100000000000002,1.843,1.6759999999999997
0,2.0,2.0,1.6,1.44,1.28,1.17,1.31,1.14,1.07,1.22,0.97,0.99,1.18,1.105,1.11,1.17,0.94,0.92,0.9,0.865
1,111.44999999999999,111.44999999999999,111.44999999999999,111.44999999999999,111.44999999999999,41.78666666666667,17.064999999999998,5.866666666666667,5.87,3.015,3.55,3.02,3.175,6.465,12.925,9.12,8.59,7.2,4.79,3.79
1,2.55,2.55,2.55,2.55,2.55,2.27,2.22,2.0949999999999998,2.276666666666667,2.2,1.77,1.95,2.1,2.14,2.18,2.07,2.535,2.84,5.993333333333333,3.628
0,1.33,1.33,1.23,1.47,8.29,3.97,3.64,3.5949999999999998,3.55,3.22,2.98,2.81,2.64,2.64,2.5575,2.475,2.23,2.3125,2.395,2.275
1,3.99,3.0,3.6399999999999997,3.69,3.17,3.05,2.93,3.03,2.61,2.68,1.95,2.095,2.24,2.4,2.4749999999999996,2.55,2.42,4.1899999999999995,5.96,76.76333333333334
1,27.15,27.15,27.15,29.44,26.270000000000003,23.1,13.74,8.95,5.26,5.45,5.640000000000001,11.89,13.215,14.863999999999999,13.87,8.370000000000001,11.64,10.25,11.175,12.797999999999998
1,6.89,6.16,4.29,5.17,3.83,3.32,4.08,3.9000000000000004,3.72,3.7300000000000004,3.74,6.03,7.955,9.879999999999999,12.89,14.05,15.7,17.36,28.1,60.333333333333336
1,5.994000000000001,5.994000000000001,4.2,4.24,3.79,3.31,3.39,3.17,3.3,3.5,3.2,3.2,3.2,3.4,3.6,3.4,3.2249999999999996,3.35,3.4416666666666664,3.533333333333333
1,3.16,2.8,2.92,2.69,2.8,2.81,2.36,2.34,1.93,1.97,1.52,1.4,1.38,1.36,1.55,5.15,2.49,1.74,1.47,1.3850000000000002
1,1.24,1.4,1.32,1.49,1.98,1.98,1.98,2.15,2.64,2.64,2.64,2.645,2.6425,2.64,3.72,2.64,2.355,2.07,2.07,2.7566666666666664
0,3.7,3.6,3.5,3.4,3.6,3.55,3.5,4.0,4.3,4.6,4.9,4.5,4.1,6.19,5.965,5.74,5.77,10.2,29.049999999999997,136.7
1,2.64,2.64,2.48,2.15,1.82,1.8599999999999999,1.9,2.15,1.9,1.9,1.98,1.8199999999999998,1.98,1.98,2.07,2.07,2.44,2.81,14.514999999999999,26.22
0,2.38,2.55,2.21,2.18,2.37,2.32,1.81,2.4933333333333336,2.46,2.25,2.27,2.33,2.39,2.07,1.97,2.42,2.34,2.24,2.43,1.87
0,1.6,1.9,1.6,1.75,1.9,1.6,1.5,1.4,1.45,1.5,1.4,1.3,1.345,1.39,1.22,1.14,1.36,1.33,1.03,1.12
0,1.21,1.21,1.11,1.12,1.2166666666666668,0.91,1.06,1.08,1.1,1.18,1.12,0.95,1.095,1.24,0.9900000000000001,1.0150000000000001,1.04,0.99,0.88,0.91
0,1.11,1.21,1.07,1.14,1.19,1.05,1.07,1.05,1.02,1.16,1.1700000000000002,1.03,1.09,1.06,1.19,0.9499999999999998,1.2,1.1400000000000001,1.08,0.89
0,1.5,1.4,1.35,1.3,1.1,1.1,1.5,1.45,1.4,1.5,1.5,1.3,1.19,1.08,0.85,1.03,1.16,1.27,1.1,0.93
1,2.36,2.74,2.12,2.54,2.33,2.12,2.51,2.58,2.72,2.07,2.02,2.045,2.07,2.18,2.01,2.05,2.09,1.4,2.59,14.832500000000001
0,2.43,2.43,2.615,2.8,1.86,1.26,1.435,1.61,1.6,1.65,1.45,1.38,1.31,1.29,1.44,1.64,1.64,1.5299999999999998,1.42,1.73
0,1.4,1.71,1.6,1.49,1.9,1.65,1.815,1.98,1.9,1.9,2.07,2.025,1.98,1.98,3.02,4.21,41.28,85.828,116.76,55.772499999999994
0,1.26,1.58,1.565,1.55,1.39,1.375,1.36,1.5,1.62,1.585,1.55,1.645,1.52,1.66,1.33,1.56,1.47,1.37,1.33,1.07
0,5.33,5.33,4.13,4.74,3.6900000000000004,2.33,3.415,3.5,3.5149999999999997,3.53,4.09,2.83,3.4,3.82,2.33,1.92,1.98,2.08,2.5,2.41
1,3.6,2.98,2.36,2.72,2.675,2.77,2.27,2.95,2.66,2.6,2.36,2.51,2.45,2.86,3.27,3.68,3.47,3.8,4.13,3.63
1,2.28,2.28,1.98,1.8775,1.775,1.49,1.32,1.32,1.32,1.4,1.32,1.07,1.32,1.3599999999999999,1.4,1.3599999999999999,1.32,1.16,1.24,1.1033333333333333
1,3.83,2.835,2.49,2.44,2.62,2.67,2.53,2.35,2.23,2.46,2.78,2.65,1.83,1.74,1.57,2.09,1.895,1.7,2.17,6.1933333333333325
1,5.54,5.54,5.54,5.54,3.22,4.2,5.0,3.58,3.1500000000000004,2.31,3.2900000000000005,3.115,3.854,5.42,38.33,78.68166666666666,68.126,82.123,96.12,119.25750000000001
1,18.246666666666666,9.620000000000001,7.62,5.95,5.41,5.03,4.453333333333333,4.033333333333334,4.61,3.79,2.66,3.1399999999999997,3.0300000000000002,3.54,3.5833333333333335,2.83,3.73,3.24,6.93,12.206666666666669
0,3.31,3.31,3.31,2.89,2.4,1.98,2.31,2.6999999999999997,2.23,2.73,2.98,2.81,2.4,2.3433333333333333,2.48,2.48,2.64,2.01,1.98,1.9100000000000001
0,3.2,2.95,2.7,2.8,2.8,2.7,2.9,2.8,3.1333333333333333,3.216666666666667,3.3,2.8,2.8,2.82,2.53,2.66,2.29,2.53,2.23,2.55
0,2.19,2.19,2.07,1.99,1.72,1.45,1.7966666666666669,1.77,2.04,1.83,1.87,1.78,1.98,1.94,1.94,1.9,1.89,1.88,1.22,2.06
1,2.8,2.17,2.36,1.82,2.6333333333333333,2.93,2.58,2.23,2.23,2.4,2.48,4.21,2.07,2.48,2.56,2.64,2.725,2.81,3.8,663.6366666666667
1,2.5,2.7,2.2,2.3,1.9,1.5,1.55,1.6,1.4,1.4,1.45,1.5,1.32,1.3900000000000001,1.46,1.23,1.27,1.31,1.33,1.32
0,3.99,3.99,3.62,4.88,4.885,3.71,4.34,3.39,3.27,4.11,3.88,4.02,3.915,3.81,4.4,4.68,4.96,4.62,4.805,4.99
0,1.2,1.1,1.05,1.0,0.9,0.95,1.0,0.9,0.9,0.9,1.0,1.0,0.85,0.86,0.79,0.98,0.98,0.98,1.0150000000000001,1.05
1,4.71,4.71,4.71,4.21,4.21,3.965,3.72,3.47,3.97,3.885,3.8,3.47,3.31,4.21,4.71,4.21,4.665,5.12,9.26,13.31
1,1.95,1.95,1.85,2.09,1.8649999999999998,1.64,1.82,1.655,1.49,1.64,1.665,1.69,1.59,1.45,1.71,1.6,1.08,1.31,1.415,1.5200000000000002
1,7.75,7.75,7.75,7.75,7.75,7.75,7.385,7.36,8.26,6.51,6.02,5.92,5.585,6.62,6.61,7.925000000000001,7.97,10.21,38.233333333333334,307.3175
1,1.98,2.105,2.23,2.07,2.07,1.74,2.07,1.9449999999999998,1.82,1.98,2.025,2.07,1.98,2.15,0.73,2.31,1.74,1.8199999999999998,1.9,2.01
1,8.51,7.85,7.19,8.43,7.52,15.45,15.28,15.11,35.59833333333333,56.086666666666666,69.545,65.45,69.95500000000001,74.46000000000001,71.16,71.74,108.595,145.45,258.514,471.57
1,2.15,2.15,2.15,4.08,3.8800000000000003,3.41,2.6,2.91,2.59,3.0549999999999997,2.835,2.96,2.78,2.7,4.576666666666667,4.02,19.17,25.25,59.69,668.1200000000001
1,1.77,1.7,1.8,1.61,1.31,1.45,1.15,1.3333333333333333,1.5166666666666666,1.7,1.65,1.6,1.7,1.7999999999999998,1.9,1.7666666666666666,1.9,2.2,2.1,2.06
0,2.69,2.69,2.69,2.06,2.28,2.295,2.5091666666666663,2.723333333333333,2.69,2.58,2.82,2.69,2.5,2.505,2.51,2.6799999999999997,2.85,2.93,2.98,2.79
1,6.619999999999999,6.619999999999999,6.619999999999999,6.619999999999999,6.619999999999999,8.13,4.456666666666667,5.92,6.506666666666667,3.64,3.2,5.0,3.763333333333333,3.11,3.93,3.04,3.5,3.433333333333333,2.88,4.3839999999999995
0,1.2966666666666669,1.2966666666666669,1.38,1.11,1.52,1.29,1.18,1.2650000000000001,1.3500000000000003,1.41,2.01,1.45,1.35,1.68,1.26,1.29,1.56,1.435,1.5,1.4100000000000001
1,3.99,4.58,4.295,4.01,4.54,4.12,4.36,3.5,3.07,2.93,3.18,3.21,3.35,2.88,2.82,3.29,2.98,3.09,3.36,2.518
0,1.525,1.55,1.26,1.45,1.2366666666666666,1.2383333333333333,1.24,0.82,0.935,1.05,0.98,1.08,1.02,0.89,1.04,0.83,1.01,1.04,1.07,1.02
1,69.7025,69.7025,69.7025,69.7025,20.355,9.132499999999999,6.048571428571428,5.02,2.9639999999999995,2.67,2.4,2.11,1.98,1.94,1.76,1.76,3.305,7.58,13.54,199.44000000000003
0,1.6,1.7,1.7166666666666668,1.7333333333333334,1.8,1.7,1.6,1.65,1.7,1.7,1.65,1.6,1.7,1.5,1.57,1.57,1.54,1.605,1.67,1.6400000000000001
0,11.39,11.705,12.02,12.12,13.79,14.024999999999999,14.26,12.41,13.79,12.39,13.04,13.045,13.05,12.795,12.54,12.88,13.170000000000002,13.46,13.72,13.88
0,1.21,1.51,1.4633333333333332,1.4966666666666666,1.53,1.525,1.12,1.26,1.3050000000000002,1.35,1.9,1.8199999999999998,1.74,1.5,1.5,1.615,1.73,1.3,2.02,1.78
0,4.68,3.05,2.8,2.55,2.48,2.18,2.02,1.98,1.71,1.93,1.885,1.84,2.01,2.01,1.9499999999999997,1.89,1.77,1.87,1.97,1.81
1,11.44,11.44,9.24,6.61,6.53,6.45,7.056666666666666,5.968333333333333,4.88,4.54,4.12,3.7,3.5033333333333334,3.3066666666666666,3.0,2.8075,2.91,2.33,3.236666666666667,2.628
1,2.1,2.1,2.48,2.15,1.98,2.07,2.07,2.07,2.4,2.23,2.48,2.07,2.025,1.98,2.48,2.645,2.81,2.73,2.98,3.6
1,19.64,19.64,19.64,19.64,19.64,4.86,4.33,3.25,3.12,2.67,2.35,2.65,2.88,3.37,3.88,4.71,5.54,5.45,23.69333333333334,7660.950000000001
1,9.75,9.75,9.75,8.02,7.44,6.61,6.365,6.12,6.03,5.7700000000000005,5.510000000000001,5.79,5.665,5.54,6.28,12.040000000000001,16.863333333333333,30.17,85.95,1308.6799999999998
0,1.54,1.54,1.87,1.495,1.12,1.21,1.33,1.45,1.45,1.42,1.39,1.48,1.54,1.42,1.26,1.53,1.69,1.435,1.49,1.4849999999999999
1,1.24,0.66,0.98,1.11,0.96,1.13,1.15,1.07,0.96,1.12,1.13,0.96,1.04,1.07,1.1,1.59,2.7600000000000002,3.93,30.75,161.943
1,23.47,23.47,30.81,43.144999999999996,63.98,357.85,7.26,4.18,3.39,2.64,2.08,2.4266666666666667,2.013333333333333,2.45,2.02,2.4050000000000002,2.79,2.17,2.22,2.09
0,1.74,2.143333333333333,1.47,2.12,1.64,1.94,2.06,1.5,1.71,2.15,1.98,1.68,1.79,1.94,1.52,1.89,1.67,1.45,1.66,1.375
0,4.79,6.966666666666666,5.87,6.57,7.27,5.29,5.29,6.03,5.68,5.33,5.0600000000000005,4.79,5.21,5.0,4.79,4.88,5.29,5.29,5.29,5.95
0,2.0,2.0,2.0,2.0,2.0,1.5,1.6,1.4333333333333333,1.4,1.5,1.6,1.8,1.5,1.55,1.49,1.385,1.21,1.28,1.31,1.385
0,1.57,1.4,1.24,1.28,1.32,1.32,1.24,1.16,1.07,1.07,1.07,0.91,0.83,0.95,1.07,1.07,0.99,0.91,0.83,0.91
0,20.55,19.689999999999998,18.21,15.883333333333335,12.185,11.543333333333335,11.36,10.549999999999999,9.07,8.056666666666667,8.17,6.66,6.27,5.88,5.1,4.84,3.9399999999999995,3.56,3.22,2.6
1,1.65,1.65,1.65,1.6499999999999997,1.55,1.72,1.85,1.655,1.46,1.79,1.665,1.54,1.5,1.3900000000000001,1.28,1.65,2.02,1.98,1.94,2.14
0,3.38,3.2649999999999997,3.15,3.08,3.135,3.19,2.885,2.51,2.08,2.56,3.86,3.5700000000000003,3.73,3.75,3.43,3.87,4.22,3.92,3.99,5.075
0,4.07,4.64,4.21,3.895,3.58,3.57,3.44,3.15,2.75,2.81,2.87,2.526666666666667,2.7,2.595,2.49,2.62,2.415,2.21,2.01,1.94
1,399.8633333333333,399.8633333333333,399.8633333333333,399.8633333333333,399.8633333333333,399.8633333333333,11.82,4.96,2.315,2.5,2.3,2.09,2.31,2.26,2.06,2.12,1.94,1.93,1.92,4.233333333333333
1,5.8,5.8,5.8,5.8,24.7,8.466666666666667,10.7,26.345,41.99,120.46,279.47,359.76,1302.13,475.43333333333334,606.1416666666667,736.85,695.73,900.72,853.08,44023.43
0,1.29,1.21,1.19,1.15,1.31,1.27,1.26,1.17,1.31,1.36,2.02,1.8,2.25,1.77,1.68,1.67,1.86,2.065,2.27,1.57
1,2.8333333333333335,2.8333333333333335,2.8333333333333335,2.4,2.37,2.58,2.0,2.19,2.16,2.55,3.0933333333333333,2.9099999999999997,2.57,2.36,1.9533333333333338,2.17,2.68,5.3275,10.92375,16.52
1,7.31,7.476666666666667,7.6433333333333335,9.26,7.6,9.34,8.8,8.26,6.86,8.26,7.645,9.09,8.26,8.675,8.26,9.09,8.26,9.915,11.57,641.735
0,6.2,6.2,6.0,5.3,5.8,4.9,4.9,4.9,5.0,4.4,5.4,4.5,3.8,4.77,4.88,4.779999999999999,4.68,4.43,5.193333333333333,5.956666666666666
0,1.98,1.98,2.4,2.48,2.52,2.56,2.56,2.4,2.605,2.81,2.4,2.52,2.64,3.22,2.98,2.4,2.64,2.85,3.06,2.48
1,7.15,7.15,7.15,7.15,6.199999999999999,5.51,6.07,4.346666666666667,4.17,3.82,3.97,3.62,2.57,2.69,2.34,2.4000000000000004,2.4,2.5375,2.793333333333333,2.2733333333333334
1,0.96,0.985,1.01,2.8850000000000002,2.44,3.16,1.76,2.57,3.22,3.8,3.7199999999999998,3.64,3.02,3.33,3.64,5.54,9.09,35.67333333333333,44.71,370.58
0,2.103333333333333,2.103333333333333,2.103333333333333,2.15,2.31,2.19,1.93,1.86,1.995,2.0774999999999997,2.1599999999999997,1.94,1.87,1.8,2.07,1.84,2.2,2.005,1.81,2.03
1,1.98,2.26,2.72,2.58,3.21,2.605,2.0,1.81,2.185,2.56,2.49,3.0250000000000004,3.56,2.87,4.156,2.1233333333333335,2.0975,2.395,4.73,54.46
1,65.17,8.83,5.225,3.12,3.17,2.585,2.0,2.25,2.165,2.08,1.72,1.78,1.84,1.69,1.62,1.55,1.625,1.7,1.55,1.24
0,1.9,1.9,1.9,2.15,1.775,1.4,1.65,1.6949999999999998,1.74,1.4,1.4,1.24,1.24,1.4,1.24,1.4,1.4,1.17,0.9299999999999999,1.07
1,4.82,4.82,4.15,4.38,4.41,4.5,4.2,3.9,3.6,3.9,3.4,2.9,3.2,3.85,4.5,5.0,5.25,5.5,5.1,6.16
0,2.06,2.05,1.9849999999999999,1.92,1.68,1.44,1.73,1.67,1.61,1.7,1.7999999999999998,1.9,2.17,1.56,1.83,1.71,1.82,1.74,1.8,1.825
1,5.95,4.05,4.21,4.19,3.16,3.22,3.06,2.88,2.81,2.65,2.39,2.92,2.19,2.04,1.89,2.02,2.21,2.145,2.08,1.905
0,1.7,1.65,1.6,1.65,1.7,1.7,1.6333333333333335,1.2999999999999998,1.4,1.6,2.1,1.7,1.8,1.61,1.59,1.57,1.82,1.75,1.63,1.49
0,8.3,8.3,4.1,3.07,3.25,1.59,1.42,1.04,1.1,1.06,1.02,0.88,1.19,0.88,0.915,0.95,0.93,0.93,0.98,0.9600000000000001
0,1.8366666666666667,1.98,1.88,1.8450000000000002,1.8633333333333333,1.8450000000000002,1.9375,2.03,1.94,1.98,2.15,1.9600000000000002,2.14,2.4,2.04,2.12,2.2,1.8,1.695,1.59
1,2.0149999999999997,2.55,2.06,2.17,1.9249999999999998,2.0533333333333332,2.26,1.85,1.18,0.93,1.16,1.39,1.76,2.296666666666667,2.2275,12.2,9.79,15.6,31.515,47.43
0,2.62,2.67,2.9,2.7,2.73,2.52,2.31,2.64,2.4,2.565,2.73,2.56,2.89,2.725,2.56,2.73,2.935,3.14,2.73,2.98
1,1.94,1.94,1.94,1.42,1.06,1.22,1.28,1.1666666666666667,1.17,0.79,0.85,0.84,0.84,0.88,0.895,0.96,1.0,0.88,0.97,1.0
0,2.26,1.96,1.83,1.69,1.755,1.82,1.7666666666666666,1.8733333333333333,1.98,1.6099999999999999,1.65,1.82,1.57,2.15,3.1399999999999997,4.13,6.36,35.082499999999996,63.80499999999999,152.34
1,22.076,22.076,22.076,22.076,9.620000000000001,5.05,2.54,2.35,2.34,2.09,1.83,2.05,1.61,1.68,1.64,1.86,1.86,1.86,1.47,4.9766666666666675
1,3.64,2.23,2.315,2.4,2.31,2.4,2.355,2.31,2.23,2.23,2.4,2.4,2.4,2.15,1.82,1.7349999999999999,1.65,2.15,203.8425,405.535
1,3.19,4.73,4.05,2.73,2.89,2.89,2.31,2.56,1.57,2.346,3.122,2.2600000000000002,2.2475,2.8699999999999997,2.424,1.9966666666666664,2.23,2.197142857142857,2.12,2.6012500000000003
1,1.8933333333333333,1.77,1.85,1.4,1.7,1.65,1.6,1.6,1.55,1.5,1.5,1.5,1.3,1.35,1.4,1.5,1.45,1.4,1.3,2.7
0,3.0666666666666664,3.3,2.7,2.8666666666666667,3.033333333333333,2.7,2.7,2.7,2.9333333333333336,2.8,3.1,3.1,3.033333333333333,2.9166666666666665,2.8,2.84,2.73,2.76,2.92,2.95
0,2.2033333333333336,2.71,2.71,3.2166666666666663,2.31,1.96,2.04,2.12,2.22,2.08,1.965,1.85,1.98,2.08,2.11,1.81,1.885,1.96,1.93,1.98
0,1.4,1.4,1.4,1.4,1.4,1.5,1.5,1.7,1.75,1.8,1.5666666666666667,1.4833333333333334,1.4,1.53,1.63,1.66,1.29,1.34,1.37,1.5899999999999999
0,13.72,15.620000000000001,5.9433333333333325,5.9575,5.12,4.63,4.88,5.29,5.29,5.7,5.495,5.29,5.825,6.36,7.36,7.19,9.3375,11.485,9.545,8.26
0,1.2149999999999999,1.34,1.11,1.31,1.36,1.47,1.5,1.39,1.34,1.6400000000000001,1.94,1.88,1.99,2.1,1.98,1.9649999999999999,1.95,2.39,2.45,2.51
0,1.13,1.22,1.05,1.12,1.1,1.25,1.13,1.12,1.11,1.2,1.165,1.13,1.43,0.89,1.26,1.05,1.29,1.32,1.21,1.39
1,3.43,3.43,3.43,3.43,3.14,2.98,2.88,2.78,2.013333333333333,2.6550000000000002,2.495,2.834,1.97,2.06,2.145,1.52,1.97,3.3,35.583333333333336,610.096
0,1.83,1.81,1.98,1.77,1.85,1.55,1.98,1.885,1.79,1.78,1.9249999999999998,1.9249999999999998,2.07,1.92,1.79,2.22,2.015,1.81,3.4,1.89
0,4.803333333333334,4.256666666666667,3.71,2.75,2.5700000000000003,2.39,2.1,2.0733333333333333,2.34,2.17,2.26,1.71,2.22,1.63,1.73,1.74,1.79,1.63,1.71,1.8849999999999998
1,8.31,6.74,3.41,2.72,2.51,2.3449999999999998,2.18,2.07,1.85,1.7850000000000001,1.77,1.755,1.74,1.615,1.49,1.32,1.38,1.44,1.6,6.516000000000001
0,14.35,14.35,14.35,14.35,8.125,1.9,2.2,1.8,1.6,1.9,1.7,1.7,1.8,1.76,1.59,1.21,1.34,1.4,1.46,1.3599999999999999
